000000456799
000000464263
000000108210
000000220062
000000576212
000000279941
000000287360
000000463309
000000466714
000000557135
000000300439
000000304889
000000237401
000000239269
000000363935
000000074336
000000494335
000000561027
000000337953
000000408258
000000571786
000000053304
000000563593
000000122403
000000023450
000000216273
000000061034
000000356147
000000358684
000000572050
000000257894
000000197213
000000319101
000000001442
000000138137
000000027883
000000543178
000000408445
000000370537
000000263028
000000292419
000000452908
000000205193
000000421334
000000041455
000000581157
000000117969
000000174672
000000178692
000000407671
000000061720
000000074538
000000233477
000000319062
000000291321
000000478839
000000231104
000000440928
000000158569
000000253578
000000439827
000000364485
000000362480
000000170425
000000305445
000000338509
000000168795
000000053597
000000062167
000000279060
000000132485
000000478521
000000357386
000000257617
000000232852
000000358291
000000348550
000000436859
000000014622
000000033074
000000367699
000000132972
000000286327
000000201368
000000087503
000000459905
000000140231
000000476313
000000313386
000000539975
000000119124
000000095651
000000312494
000000417660
000000183350
000000226011
000000460576
000000191686
000000373639
000000085472
000000322285
000000390352
000000348654
000000365819
000000193129
000000268900
000000337011
000000117418
000000322695
000000305422
000000543203
000000560111
000000397004
000000130147
000000451919
000000270532
000000105468
000000424739
000000263112
000000288202
000000494383
000000261155
000000496516
000000502717
000000118399
000000194908
000000411334
000000144283
000000042421
000000163497
000000018975
000000524838
000000561137
000000466652
000000559566
000000529360
000000002024
000000535510
000000045941
000000496657
000000450959
000000080928
000000214634
000000404095
000000290136
000000291855
000000204682
000000360673
000000174329
000000245202
000000519910
000000337546
000000453611
000000577608
000000259104
000000485025
000000096211
000000341874
000000363639
000000218214
000000549194
000000156125
000000448358
000000144533
000000449098
000000282137
000000318442
000000147501
000000191706
000000544614
000000327038
000000054603
000000163496
000000537422
000000581873
000000421794
000000220686
000000329966
000000570111
000000137788
000000112989
000000503234
000000131952
000000116502
000000369016
000000140686
000000361527
000000112250
000000331329
000000230129
000000499480
000000318524
000000017602
000000396692
000000021931
000000160774
000000175136
000000308582
000000499402
000000081592
000000128812
000000357700
000000300514
000000088045
000000243967
000000112807
000000254101
000000174213
000000560637
000000379869
000000513600
000000252724
000000421875
000000272384
000000562458
000000417006
000000065981
000000528049
000000485002
000000140100
000000524286
000000466070
000000365351
000000445276
000000566631
000000380191
000000306837
000000344561
000000203768
000000275173
000000220428
000000075802
000000346605
000000134113
000000524723
000000059179
000000550834
000000013445
000000138446
000000309775
000000575652
000000039000
000000231668
000000485333
000000569253
000000506137
000000381261
000000098864
000000566126
000000285091
000000408578
000000072391
000000214123
000000050790
000000375733
000000246499
000000371927
000000427386
000000377709
000000256734
000000410988
000000212080
000000209326
000000203035
000000023107
000000430281
000000381858
000000217769
000000438024
000000311938
000000405440
000000023575
000000341700
000000125466
000000313256
000000410320
000000086320
000000408506
000000346386
000000137612
000000056680
000000566717
000000222958
000000085163
000000479677
000000489649
000000185448
000000341573
000000063353
000000112252
000000228784
000000086809
000000064818
000000498421
000000409181
000000345728
000000334857
000000293975
000000175775
000000064953
000000519431
000000507273
000000290532
000000227606
000000576421
000000289337
000000183163
000000093264
000000141095
000000578964
000000303928
000000407235
000000486122
000000312486
000000313061
000000570573
000000442394
000000204640
000000559585
000000111492
000000277544
000000497698
000000550747
000000135322
000000449758
000000568654
000000028260
000000199516
000000388148
000000283393
000000531710
000000181763
000000284365
000000225177
000000226461
000000500761
000000051110
000000450777
000000056585
000000193034
000000004575
000000549575
000000493936
000000343670
000000485173
000000428282
000000056267
000000378272
000000502084
000000299463
000000321213
000000422343
000000252043
000000331780
000000127726
000000205572
000000332434
000000445368
000000440611
000000306593
000000109588
000000353595
000000160529
000000012015
000000210957
000000278295
000000384021
000000169883
000000269799
000000531499
000000210251
000000355622
000000000326
000000265161
000000426247
000000270243
000000179102
000000175121
000000434502
000000040274
000000505226
000000378327
000000212292
000000151934
000000238152
000000367899
000000466132
000000400104
000000070636
000000266336
000000500699
000000054618
000000458175
000000041433
000000503809
000000551952
000000196313
000000004159
000000232230
000000170232
000000048784
000000328200
000000191007
000000275335
000000092957
000000576290
000000556409
000000572859
000000104900
000000466665
000000000081
000000465155
000000368645
000000231685
000000119535
000000564978
000000396054
000000324253
000000344671
000000124142
000000109907
000000024787
000000110518
000000222608
000000384804
000000202241
000000388042
000000431484
000000344214
000000138092
000000474502
000000128912
000000515823
000000211963
000000575267
000000136540
000000140360
000000258174
000000286764
000000366724
000000447778
000000271249
000000209239
000000223314
000000450561
000000039464
000000229228
000000340445
000000019351
000000525170
000000150495
000000559747
000000122039
000000317019
000000373519
000000213838
000000255214
000000489942
000000429586
000000225587
000000577091
000000534941
000000109340
000000310766
000000143616
000000529365
000000029104
000000283403
000000111807
000000269006
000000550783
000000257729
000000028978
000000218844
000000465466
000000357244
000000435294
000000117407
000000215081
000000004338
000000374130
000000090310
000000068565
000000074390
000000384122
000000573791
000000576040
000000002244
000000099790
000000030281
000000406452
000000015709
000000324553
000000528231
000000133464
000000576084
000000349376
000000246923
000000100231
000000296831
000000187509
000000270098
000000195942
000000230417
000000035498
000000459164
000000396421
000000122007
000000330054
000000200978
000000136849
000000272490
000000460251
000000316672
000000433657
000000015301
000000227891
000000529379
000000456009
000000206077
000000572165
000000471534
000000506418
000000066046
000000549711
000000334810
000000324936
000000413869
000000374974
000000180495
000000140548
000000197805
000000041027
000000421208
000000112320
000000403652
000000206412
000000177619
000000179696
000000429839
000000536363
000000490535
000000174898
000000578627
000000024351
000000559614
000000023369
000000081767
000000144816
000000144163
000000161098
000000276706
000000573969
000000471278
000000010627
000000048066
000000545251
000000581038
000000246478
000000108264
000000511146
000000331093
000000321092
000000559912
000000335037
000000463140
000000153350
000000021374
000000355727
000000306103
000000090075
000000141263
000000188667
000000391000
000000206791
000000439995
000000487153
000000325654
000000269458
000000278177
000000325470
000000564938
000000075673
000000026376
000000047293
000000343087
000000169377
000000435139
000000503416
000000458946
000000404424
000000494591
000000325567
000000316093
000000015197
000000187939
000000530406
000000332315
000000197266
000000514060
000000462517
000000331490
000000042534
000000486304
000000568418
000000322164
000000296330
000000038652
000000052360
000000315868
000000123456
000000082229
000000549536
000000237077
000000063661
000000302289
000000259217
000000329375
000000026719
000000127744
000000434891
000000549488
000000581797
000000215069
000000385803
000000069770
000000492382
000000221883
000000214766
000000361145
000000183811
000000531349
000000516879
000000191117
000000375751
000000038079
000000101461
000000300082
000000367257
000000009353
000000491154
000000296110
000000472832
000000096745
000000242870
000000354553
000000236920
000000547644
000000107954
000000506198
000000543210
000000150089
000000208340
000000221222
000000296960
000000083045
000000113112
000000350633
000000161354
000000312748
000000453488
000000001757
000000337505
000000191403
000000320857
000000519461
000000570141
000000099421
000000349139
000000481039
000000577934
000000475561
000000326592
000000425788
000000336987
000000000775
000000103812
000000488401
000000428778
000000392827
000000319848
000000381630
000000450479
000000146098
000000130909
000000072632
000000211771
000000134555
000000116667
000000049128
000000572550
000000095061
000000544253
000000445305
000000180160
000000297037
000000298433
000000257959
000000334938
000000090570
000000138032
000000077181
000000338156
000000166915
000000567407
000000457723
000000024294
000000453857
000000111996
000000200492
000000358915
000000430681
000000235809
000000315827
000000314788
000000581674
000000405752
000000415911
000000094118
000000335781
000000238073
000000376715
000000474202
000000419497
000000445351
000000175821
000000024769
000000545689
000000451825
000000390627
000000041959
000000470780
000000397212
000000451493
000000508913
000000287289
000000205693
000000519205
000000388009
000000043558
000000084536
000000240684
000000246924
000000419048
000000080203
000000569500
000000016424
000000111548
000000504271
000000422921
000000252970
000000016111
000000007455
000000540664
000000146730
000000177524
000000227734
000000538105
000000006422
000000417402
000000195840
000000182755
000000530417
000000480036
000000061761
000000108154
000000387296
000000021483
000000422810
000000021097
000000444770
000000325331
000000463620
000000376336
000000137547
000000521184
000000546021
000000475923
000000311056
000000389002
000000165675
000000403118
000000465926
000000471096
000000501855
000000308825
000000059351
000000408047
000000296462
000000435323
000000500130
000000227164
000000243313
000000127843
000000007852
000000285992
000000102246
000000241483
000000285089
000000419406
000000371254
000000338246
000000369712
000000304608
000000163579
000000325932
000000109051
000000034961
000000126502
000000479440
000000066406
000000150320
000000043522
000000099597
000000012146
000000239933
000000350639
000000517699
000000362328
000000118550
000000162801
000000256706
000000266103
000000336741
000000507605
000000120818
000000560794
000000432395
000000152070
000000533601
000000343404
000000496118
000000292678
000000007665
000000277072
000000418175
000000020384
000000485613
000000003823
000000468525
000000482775
000000103856
000000080303
000000057777
000000030931
000000252382
000000425899
000000167994
000000040068
000000569989
000000502877
000000203879
000000414546
000000380931
000000307016
000000362152
000000531000
000000479936
000000395627
000000444312
000000383884
000000224273
000000310108
000000524180
000000367035
000000014335
000000543303
000000071236
000000515050
000000106621
000000256815
000000100434
000000336335
000000029091
000000556789
000000369630
000000412972
000000353139
000000123739
000000089654
000000012281
000000420366
000000205634
000000303629
000000509350
000000362482
000000062875
000000145343
000000369256
000000443391
000000545275
000000150225
000000216142
000000229707
000000101159
000000284056
000000249158
000000474019
000000580636
000000024861
000000382291
000000250048
000000220685
000000438663
000000251646
000000084980
000000462244
000000415608
000000457683
000000098143
000000024323
000000341035
000000501227
000000545611
000000088621
000000398053
000000229884
000000431984
000000411941
000000526735
000000546500
000000223640
000000088697
000000332480
000000029697
000000414560
000000540275
000000237643
000000323295
000000072051
000000422198
000000559728
000000535977
000000491579
000000427311
000000531404
000000002989
000000559051
000000390342
000000183266
000000132857
000000093403
000000373548
000000434723
000000300690
000000573572
000000375317
000000465163
000000001709
000000006270
000000154587
000000203349
000000567836
000000411881
000000047020
000000361942
000000472841
000000029299
000000089503
000000142201
000000104130
000000236998
000000431211
000000038729
000000311025
000000256611
000000294877
000000268921
000000171834
000000103778
000000444769
000000479909
000000393844
000000235366
000000415961
000000373678
000000167395
000000555356
000000091113
000000255682
000000080462
000000551602
000000276644
000000552678
000000367511
000000258196
000000572289
000000379743
000000196699
000000016082
000000558303
000000525380
000000406286
000000531944
000000183031
000000536292
000000202158
000000235430
000000009721
000000287219
000000521514
000000489950
000000296886
000000323052
000000350854
000000528972
000000542814
000000092847
000000476634
000000511432
000000133428
000000302389
000000385302
000000154161
000000518524
000000078800
000000457776
000000384204
000000459118
000000186508
000000049676
000000161163
000000531797
000000411277
000000032275
000000246562
000000048848
000000292558
000000322095
000000291214
000000002894
000000211046
000000108380
000000551459
000000030915
000000307583
000000316332
000000483994
000000355123
000000555590
000000331349
000000313082
000000396660
000000004888
000000050586
000000286594
000000221003
000000532809
000000339491
000000250387
000000540642
000000432247
000000088634
000000127103
000000101132
000000535046
000000182683
000000392212
000000466118
000000456037
000000125635
000000206926
000000173987
000000100318
000000212672
000000404629
000000149410
000000362312
000000504158
000000096481
000000231902
000000113389
000000139702
000000476652
000000127785
000000254063
000000133273
000000514217
000000097159
000000098767
000000108510
000000560644
000000047544
000000438093
000000329737
000000199427
000000437240
000000256560
000000208669
000000222311
000000439007
000000206975
000000302543
000000534040
000000260844
000000174868
000000503826
000000324130
000000146465
000000046535
000000538190
000000387693
000000476495
000000163514
000000473891
000000227241
000000216528
000000373613
000000385405
000000100599
000000273046
000000278732
000000210688
000000514581
000000447533
000000572121
000000359715
000000204714
000000572630
000000235038
000000318222
000000461507
000000081862
000000347236
000000552348
000000163615
000000354402
000000015525
000000073387
000000531377
000000500069
000000143822
000000455083
000000146398
000000349234
000000389382
000000482774
000000337416
000000116652
000000099999
000000460625
000000084901
000000375869
000000293907
000000077429
000000398304
000000390179
000000122573
000000174567
000000166450
000000347836
000000549954
000000505461
000000246181
000000421283
000000529626
000000193386
000000534074
000000111319
000000406368
000000283921
000000085913
000000301918
000000570242
000000577052
000000547431
000000274570
000000407115
000000350885
000000237881
000000424760
000000554075
000000056413
000000238147
000000291245
000000240511
000000280732
000000268389
000000542548
000000235132
000000411225
000000013000
000000076652
000000375484
000000401393
000000104790
000000188001
000000479879
000000178361
000000558055
000000111054
000000119608
000000165697
000000025854
000000430519
000000365265
000000368062
000000497160
000000248732
000000338474
000000125069
000000231835
000000251630
000000295016
000000415335
000000288776
000000489940
000000478742
000000527497
000000066299
000000263264
000000063486
000000368309
000000122588
000000386973
000000422661
000000553558
000000190086
000000577552
000000484715
000000190441
000000247921
000000515843
000000443373
000000575648
000000293340
000000299244
000000031176
000000381482
000000133149
000000218446
000000469135
000000238198
000000480306
000000073427
000000539198
000000359762
000000045208
000000291115
000000486595
000000055285
000000241623
000000388031
000000367961
000000167724
000000186095
000000509587
000000304151
000000522820
000000143110
000000218255
000000190497
000000577623
000000367715
000000446894
000000347354
000000553506
000000360529
000000108835
000000457508
000000284583
000000260299
000000403107
000000326913
000000203822
000000495322
000000227497
000000267942
000000070502
000000220665
000000071099
000000532521
000000174005
000000259049
000000520524
000000526663
000000050736
000000563177
000000436707
000000452465
000000329030
000000129820
000000224364
000000255728
000000457229
000000572876
000000415493
000000396366
000000151049
000000349896
000000333124
000000129832
000000322827
000000561794
000000470113
000000542804
000000457735
000000311709
000000504988
000000241758
000000363927
000000218494
000000245857
000000543683
000000111619
000000070474
000000015870
000000239772
000000514392
000000479057
000000427068
000000257163
000000068620
000000443308
000000008829
000000443701
000000536423
000000427152
000000117059
000000172911
000000234341
000000482696
000000199177
000000233446
000000509609
000000352093
000000235751
000000198308
000000546114
000000135076
000000046025
000000043425
000000274792
000000342718
000000549629
000000066234
000000287506
000000008394
000000238304
000000472823
000000073260
000000426101
000000315609
000000575121
000000402364
000000356740
000000161557
000000468411
000000032416
000000354804
000000091954
000000245517
000000372127
000000419449
000000359375
000000396120
000000078703
000000140122
000000544371
000000367242
000000202966
000000222594
000000188747
000000234210
000000096106
000000172350
000000564646
000000239338
000000230151
000000437575
000000510028
000000342942
000000096192
000000111152
000000385641
000000223902
000000083000
000000333181
000000168769
000000069750
000000452585
000000121875
000000207323
000000468487
000000446126
000000337815
000000504099
000000176946
000000480734
000000200720
000000287695
000000431948
000000461306
000000393159
000000000312
000000494998
000000141108
000000413879
000000547503
000000408805
000000111180
000000559992
000000424308
000000084749
000000234928
000000330604
000000570586
000000033445
000000260741
000000106589
000000148458
000000453222
000000188920
000000309267
000000499302
000000126321
000000122535
000000249656
000000496765
000000276616
000000386016
000000518188
000000376875
000000009069
000000298335
000000012463
000000458483
000000232116
000000033124
000000569389
000000327565
000000023541
000000179019
000000008181
000000410603
000000565834
000000494283
000000579034
000000190927
000000096213
000000292087
000000157916
000000410350
000000006481
000000221927
000000104425
000000441296
000000011990
000000476530
000000580549
000000096726
000000491660
000000360643
000000425817
000000207289
000000048573
000000140682
000000520582
000000335463
000000092963
000000125452
000000119495
000000538099
000000537558
000000095095
000000068212
000000247338
000000013294
000000011694
000000142016
000000152823
000000427745
000000095213
000000571658
000000221725
000000184184
000000331097
