000000403107
000000058329
000000049428
000000536589
000000536833
000000509822
000000083045
000000430519
000000337011
000000334140
000000434891
000000259049
000000263961
000000162763
000000087493
000000000775
000000205102
000000520524
000000400658
000000508672
000000093736
000000255232
000000203912
000000363927
000000189772
000000282150
000000438024
000000532285
000000578016
000000125655
000000154587
000000261870
000000453138
000000254491
000000391584
000000071345
000000484723
000000287186
000000522137
000000146701
000000064723
000000207652
000000030942
000000081922
000000325557
000000578099
000000037322
000000359715
000000296012
000000436968
000000206176
000000315868
000000538792
000000147758
000000046571
000000237626
000000278509
000000510340
000000346259
000000360342
000000504948
000000330604
000000136572
000000162114
000000120810
000000360673
000000235517
000000568611
000000451496
000000457683
000000253223
000000504811
000000133503
000000243031
000000128262
000000419401
000000526622
000000421952
000000480036
000000067823
000000000073
000000398304
000000436392
000000452695
000000299776
000000540642
000000531499
000000022158
000000088634
000000260330
000000157669
000000277563
000000262228
000000240918
000000217846
000000580829
000000179187
000000269282
000000046870
000000050125
000000068520
000000236717
000000238147
000000435047
000000386766
000000035498
000000290532
000000110951
000000408805
000000241599
000000564629
000000097159
000000332480
000000411941
000000466665
000000229324
000000375317
000000470113
000000499391
000000577857
000000394659
000000337815
000000284365
000000183249
000000549954
000000063661
000000535977
000000261679
000000128842
000000482022
000000086320
000000035526
000000215709
000000103856
000000329341
000000014282
000000570586
000000464176
000000088846
000000466118
000000023623
000000196521
000000545597
000000340559
000000575032
000000146730
000000074132
000000553558
000000196793
000000095300
000000177420
000000476313
000000024924
000000414324
000000185930
000000543178
000000298461
000000564151
000000235404
000000557135
000000425371
000000033243
000000382438
000000431967
000000374950
000000442428
000000339943
000000303928
000000356299
000000478742
000000506220
000000043997
000000381393
000000432605
000000209239
000000295756
000000538359
000000560794
000000087929
000000324253
000000121215
000000341700
000000188733
000000350975
000000097017
000000513064
000000024323
000000196342
000000370697
000000339256
000000234590
000000166323
000000531324
000000429497
000000358883
000000359277
000000355040
000000507143
000000427239
000000215596
000000451896
000000493117
000000549399
000000172911
000000225546
000000480421
000000340737
000000272673
000000153524
000000082229
000000528470
000000527497
000000034196
000000347389
000000544365
000000476444
000000143560
000000408047
000000370596
000000404792
000000406329
000000566249
000000461123
000000239997
000000078982
000000351369
000000333365
000000519676
000000064510
000000436162
000000491881
000000198495
000000225731
000000562708
000000226801
000000310473
000000032284
000000350860
000000540187
000000575544
000000342515
000000207967
000000371005
000000543203
000000132189
000000180541
000000201887
000000578270
000000482707
000000085913
000000577024
000000342490
000000011887
000000397117
000000183407
000000322285
000000127751
000000233527
000000051119
000000335119
000000234239
000000028389
000000018366
000000008181
000000244246
000000440928
000000175942
000000087912
000000044718
000000156503
000000037181
000000197716
000000305480
000000279850
000000394131
000000556597
000000117380
000000109340
000000069391
000000264121
000000321742
000000276323
000000242870
000000100138
000000254571
000000202040
000000268259
000000422870
000000418288
000000069670
000000026982
000000059532
000000150487
000000218637
000000191117
000000207179
000000174898
000000470423
000000351711
000000161202
000000005213
000000495613
000000134215
000000283380
000000474680
000000018490
000000361386
000000580975
000000436559
000000023369
000000443351
000000132084
000000462026
000000385428
000000327565
000000532671
000000359086
000000432309
000000010954
000000120068
000000019443
000000566278
000000110961
000000514913
000000078580
000000216867
000000146659
000000280360
000000295765
000000252844
000000368978
000000160529
000000022797
000000040485
000000236535
000000465664
000000553935
000000213412
000000525077
000000282229
000000309434
000000207323
000000159983
000000474788
000000117543
000000169936
000000515422
000000266070
000000381599
000000239992
000000173584
000000401221
000000179142
000000426541
000000563127
000000340398
000000551650
000000328777
000000359278
000000309836
000000003035
000000165937
000000042147
000000008005
000000097790
000000505447
000000106140
000000093703
000000381709
000000561014
000000162257
000000323418
000000441440
000000220255
000000333371
000000183306
000000448205
000000278295
000000296265
000000112800
000000109045
000000401783
000000424445
000000152649
000000121089
000000260094
000000001525
000000051685
000000092963
000000137031
000000395849
000000438704
000000292171
000000127136
000000149052
000000107582
000000488278
000000090387
000000422807
000000009426
000000419074
000000313386
000000100404
000000000472
000000515531
000000216115
000000478120
000000226419
000000263346
000000279343
000000069584
000000311619
000000043678
000000008180
000000105552
000000097754
000000046432
000000104345
000000053838
000000326517
000000442688
000000051495
000000202573
000000411630
000000046011
000000118728
000000146986
000000167544
000000071123
000000436895
000000287830
000000127668
000000579325
000000294247
000000030080
000000483767
000000510942
000000091236
000000210228
000000535322
000000173544
000000399400
000000212351
000000501055
000000490294
000000150007
000000252582
000000180784
000000443737
000000247394
000000161347
000000564911
000000315610
000000187989
000000403820
000000360698
000000352151
000000298433
000000315672
000000349868
000000177101
000000445295
000000192788
000000188891
000000296996
000000061207
000000561100
000000001029
000000524202
000000085145
000000326582
000000078371
000000524186
000000136218
000000521472
000000349459
000000151347
000000266502
000000329562
000000254104
000000042893
000000534669
000000224247
000000062741
000000224595
000000402798
000000563295
000000468525
000000128461
000000170605
000000377314
000000423187
000000009699
000000344397
000000197226
000000029197
000000520273
000000524011
000000095561
000000480605
000000053454
000000513882
000000309530
000000558677
000000119232
000000272736
000000008888
000000298137
000000257833
000000396051
000000262800
000000411841
000000374383
000000011347
000000364145
000000187680
000000298440
000000457687
000000111830
000000455943
000000216133
000000370325
000000393869
000000392670
000000547431
000000368611
000000446113
000000443630
000000327186
000000265234
000000288002
000000078979
000000463781
000000345329
000000396204
000000295076
000000126876
000000320324
000000011525
000000408817
000000235663
000000283163
000000359303
000000287559
000000060849
000000027390
000000178189
000000332502
000000022718
000000270136
000000490275
000000163361
000000503292
000000120806
000000255482
000000421169
000000262940
000000327857
000000218224
000000274959
000000436280
000000572733
000000279649
000000064629
000000070889
000000330079
000000077123
000000147418
000000347367
000000378859
000000445038
000000112956
000000073634
000000426840
000000315191
000000474410
000000129989
000000428357
000000527644
000000414813
000000445561
000000406119
000000293153
000000259421
000000345988
000000349804
000000473935
000000574785
000000062915
000000401003
000000061259
000000527510
000000347253
000000011374
000000484986
000000294030
000000501502
000000056736
000000325022
000000483182
000000144064
000000392650
000000249482
000000150717
000000244487
000000393858
000000115178
000000280271
000000254732
000000461017
000000184789
000000172851
000000102637
000000263758
000000482777
000000331405
000000032766
000000134042
000000180953
000000575896
000000512421
000000425303
000000295242
000000376996
000000067569
000000457684
000000480223
000000357829
000000072666
000000144122
000000180411
000000469492
000000100974
000000041276
000000513098
000000578591
000000233298
000000067327
000000427311
000000469130
000000185622
000000533805
000000399966
000000265584
000000371588
000000271266
000000500058
000000128644
000000237735
000000141587
000000277146
000000133279
000000196681
000000055432
000000464181
000000266099
000000567053
000000067491
000000081505
000000527506
000000268371
000000156445
000000174284
000000423837
000000487222
000000532338
000000547790
000000552153
000000350073
000000570349
000000278760
000000353964
000000420958
000000239171
000000184330
000000101223
000000093411
000000346482
000000261645
000000157021
000000355057
000000292639
000000482907
000000255633
000000286202
000000486233
000000159740
000000316429
000000569016
000000499402
000000518203
000000084870
000000011081
000000176828
000000466005
000000189203
000000042137
000000236739
000000148319
000000111619
000000224610
000000373521
000000200212
000000531349
000000234182
000000448626
000000318056
000000085562
000000380868
000000269006
000000270893
000000365177
000000448964
000000299044
000000039871
000000052527
000000480657
000000224862
000000252970
000000212322
000000134255
000000302964
000000571200
000000394681
000000231617
000000048196
000000482305
000000529083
000000362092
000000125645
000000036012
000000089500
000000539975
000000566823
000000534036
000000533107
000000427001
000000257586
000000538153
000000049646
000000079566
000000290451
000000397523
000000063855
000000014845
000000246233
000000381482
000000285607
000000014567
000000553072
000000484816
000000024566
000000231349
000000024790
000000079472
000000318066
000000327383
000000442667
000000555942
000000154515
000000112702
000000467092
000000070294
000000192755
000000248396
000000291538
000000479556
000000318524
000000124756
000000499842
000000578485
000000484754
000000411184
000000568687
000000035952
000000467142
000000334675
000000192591
000000404931
000000378809
000000023380
000000373333
000000388643
000000119132
000000008016
000000365556
000000548159
000000486991
000000012551
000000496632
000000457131
000000457735
000000307892
000000316332
000000318415
000000496765
000000142000
000000314836
000000116667
000000081287
000000501379
000000185475
000000460646
000000123176
000000525361
000000339344
000000349841
000000361073
000000130528
000000255769
000000068217
000000212346
000000418512
000000278747
000000111811
000000310906
000000502895
000000024693
000000013965
000000118778
000000448871
000000578522
000000373341
000000019087
000000020979
000000041837
000000116722
000000157465
000000352481
000000358750
000000269926
000000453954
000000240804
000000282940
000000218208
000000152333
000000024195
000000211294
000000526459
000000535326
000000440043
000000019158
000000211386
000000021644
000000254653
000000343325
000000212507
000000053450
000000029852
000000065306
000000090626
000000503197
000000116848
000000040517
000000136552
000000183273
000000352748
000000546524
000000003342
000000001171
000000042499
000000070460
000000505933
000000546804
000000367511
000000067704
000000542257
000000257359
000000508996
000000160941
000000246616
000000011260
000000149731
000000161990
000000113570
000000061715
000000091063
000000277955
000000047588
000000186950
000000310902
000000376046
000000174329
000000439589
000000206587
000000516004
000000071357
000000422434
000000357331
000000443038
000000406377
000000511153
000000300479
000000467990
000000149329
000000341815
000000382728
000000209221
000000330316
000000296521
000000325796
000000148724
000000337667
000000432179
000000095191
000000430218
000000506416
000000087958
000000460049
000000087503
000000248193
000000373089
000000101145
000000130508
000000513260
000000148910
000000406097
000000009497
000000273354
000000478225
000000550452
000000323048
000000211054
000000011269
000000140686
000000560111
000000050496
000000097599
000000169098
000000411958
000000406489
000000116750
000000325519
000000435034
000000267628
000000391158
000000242513
000000477526
000000472755
000000122535
000000112232
000000337666
000000179397
000000138784
000000151808
000000234928
000000511420
000000076513
000000325919
000000160872
000000194407
000000211046
000000423215
000000435742
000000111096
000000529907
000000146836
000000316672
000000017328
000000299548
000000238071
000000130234
000000081264
000000498806
000000372070
000000434279
000000290610
000000418533
000000093236
000000506196
000000485269
000000016499
000000509404
000000263866
000000505040
000000174198
000000185903
000000447152
000000321725
000000250260
000000018771
000000126131
000000166541
000000143891
000000356298
000000227479
000000216695
000000286021
000000137185
000000327479
000000318095
000000192001
000000001374
000000467031
000000428168
000000210442
000000064859
000000080096
000000426061
000000326941
000000094162
000000338220
000000186472
000000323758
000000449490
000000329486
000000175197
000000230903
000000047718
000000399567
000000237308
000000058737
000000286055
000000041300
000000119345
000000362391
000000227590
000000403481
000000416331
000000545612
000000536168
000000226315
000000090057
000000065942
000000274606
000000322831
000000365047
000000074937
000000381658
000000089861
000000419624
000000258136
000000203081
000000147494
000000276437
000000256003
000000478386
000000256367
000000183666
000000134844
000000092451
000000526806
000000567315
000000320627
000000573622
000000473110
000000046912
000000225225
000000044075
000000197420
000000498557
000000482799
000000254407
000000253415
000000425634
000000289630
000000257887
000000516020
000000138527
000000161758
000000241948
000000075748
000000437284
000000562227
000000096988
000000351744
000000350686
000000175061
000000220025
000000131295
000000545581
000000353977
000000327388
000000301333
000000330432
000000364743
000000405355
000000284552
000000204098
000000521838
000000420710
000000065357
000000441211
000000384594
000000070619
000000413779
000000091954
000000069842
000000165697
000000186956
000000062474
000000578740
000000456046
000000429558
000000498596
000000349324
000000574015
000000563195
000000378302
000000065981
000000457491
000000396692
000000280211
000000237758
000000006153
000000145048
000000086602
000000528404
000000166837
000000459919
000000014526
000000170651
000000284548
000000085292
000000314192
000000122039
000000491764
000000136722
000000275751
000000272131
000000427646
000000002894
000000530261
000000308894
000000522081
000000496800
000000354868
000000472881
000000500335
000000155736
000000293907
000000084693
000000486694
000000140540
000000411866
000000474974
000000431257
000000160394
000000007211
000000027874
000000124621
000000214930
000000068036
000000045633
000000037437
000000308785
000000365386
000000248148
000000105876
000000473783
000000186428
000000409009
000000347747
000000416827
000000555180
000000279933
000000364703
000000350068
000000374567
000000253755
000000387661
000000005690
000000044061
000000304316
000000461628
000000143744
000000286450
000000353489
000000264753
000000025747
000000192496
000000327225
000000310052
000000492562
000000021483
000000054562
000000408439
000000180982
000000007666
000000309366
000000293333
000000335887
000000173547
000000522928
000000346107
000000450932
000000496845
000000545924
000000285096
000000327466
000000003832
000000383018
000000187514
000000337226
000000123663
000000030448
000000197997
000000464130
000000340637
000000431199
000000466921
000000540117
000000391689
000000488788
000000132210
000000472387
000000127997
000000078056
000000400178
000000003849
000000543215
000000209147
000000405047
000000139740
000000260433
000000344762
000000241273
000000101620
000000064884
000000431431
000000416543
000000018525
000000156487
000000130437
000000446460
000000247369
000000208163
000000294053
000000390569
000000308459
000000153061
000000038357
000000296988
000000315434
000000112739
000000398220
000000497441
000000315209
000000065567
000000183614
000000463406
000000234965
000000246237
000000148280
000000224053
000000108541
000000383950
000000311205
000000104626
000000266363
000000227657
000000303942
000000084123
000000425412
000000008646
000000572980
000000546782
000000050124
000000172979
000000502012
000000403919
000000561164
000000051887
000000107244
000000256220
000000485532
000000237495
000000222724
000000056413
000000192520
000000136846
000000174771
000000099584
000000244005
000000399864
000000314313
000000131627
000000349310
000000138196
000000221183
000000466239
000000025346
000000214575
000000278032
000000284885
000000371638
000000227033
000000437145
000000114941
000000170129
000000564739
000000403864
000000565331
000000406885
000000299492
000000400472
000000463605
000000519801
000000054618
000000275515
000000292209
000000139094
000000317424
000000198650
000000475042
000000349185
000000553998
000000413275
000000039468
000000304347
000000050786
000000004497
000000489861
000000236000
000000169712
000000209692
000000103272
000000361923
000000150089
000000566414
000000300943
000000149767
000000138896
000000446324
000000502758
000000192620
000000167166
000000313623
000000352228
000000250440
000000126030
000000099553
000000023774
000000186518
000000349794
000000434723
000000350084
000000278601
000000577223
000000087677
000000061660
000000447948
000000346006
000000574665
000000033144
000000151842
000000491336
000000497351
000000448868
000000428175
000000219655
000000251785
000000341801
000000303016
000000358901
000000398507
000000454382
000000024403
000000367893
000000366792
000000499835
000000171733
000000565186
000000159262
000000538198
000000570516
000000020947
000000364266
000000060677
000000424554
000000232453
000000500829
000000203061
000000356507
000000383163
000000164372
000000235006
000000545749
000000187924
000000292662
000000398884
000000137211
000000221165
000000270354
000000472415
000000034749
000000348475
000000217383
000000570755
000000001739
000000288591
000000111801
000000451501
000000067463
000000159451
000000561853
000000559614
000000451648
000000160243
000000283945
000000532773
000000503404
000000227164
000000242286
000000216006
000000569850
000000244184
000000115927
000000506568
000000026731
000000370095
000000538690
000000507921
000000137612
000000249158
000000271452
000000269922
000000263884
000000056544
000000251330
000000527962
000000525587
000000335864
000000416968
000000128669
000000497021
000000533625
000000028236
000000462244
000000087354
000000303704
000000377879
000000415585
000000004093
000000257557
000000300032
000000232148
000000483722
000000374485
000000252133
000000557422
000000196799
000000465893
000000013445
000000400152
000000356456
000000356923
000000102466
000000277227
000000353231
000000172850
000000551669
000000082263
000000489025
000000240329
000000183997
000000127761
000000279395
000000251888
000000022667
000000099961
000000041945
000000492196
000000412914
000000271825
000000031747
000000109750
000000211853
000000529774
000000397483
000000068375
000000400547
000000025748
000000335861
000000002690
000000209102
000000546721
000000382164
000000229014
000000038179
000000139605
000000574946
000000516750
000000513115
000000024430
000000309474
000000505461
000000565813
000000282427
000000096075
000000453819
000000343951
000000491836
000000233362
000000539673
000000551510
000000014338
000000202652
000000275881
000000044910
000000291712
000000021864
000000024921
000000107306
000000226631
000000447791
000000544638
000000039472
000000354744
000000382850
000000262985
000000305223
000000113413
000000207803
000000332141
000000494591
000000002290
000000282724
000000470624
000000383527
000000391446
000000337777
000000191138
000000376937
000000573709
000000426987
000000179869
000000156532
000000239455
000000385586
000000025715
000000324785
000000006306
000000432798
000000458387
000000418700
000000239657
000000245145
000000537668
000000121188
000000556369
000000262651
000000105150
000000444722
000000564484
000000566470
000000511662
000000038662
000000170293
000000427083
000000013420
000000265372
000000387551
000000361085
000000107548
000000514681
000000521550
000000031599
000000498971
000000020395
000000340472
000000298928
000000072539
000000188028
000000062296
000000230739
000000149431
000000527098
000000178512
000000028378
000000496485
000000399538
000000068117
000000561270
000000031481
000000546760
000000189744
000000189015
000000579548
000000271025
000000420036
000000569997
000000535185
000000505043
000000243313
000000405188
000000221725
000000565034
000000154423
000000570242
000000165229
000000374782
000000225537
000000173532
000000570185
000000205693
000000179102
000000355228
000000013061
000000405440
000000331646
000000101862
000000059540
000000460251
000000066046
000000032416
000000570573
000000299640
000000291115
000000207507
000000030793
000000578964
000000479376
000000161163
000000374164
000000304165
000000244823
000000097696
000000056960
000000003244
000000072051
000000164170
000000257767
000000396178
000000086951
000000361527
000000304815
000000558012
000000014306
000000533511
000000023575
000000122588
000000486383
000000308117
000000136533
000000348654
000000337290
000000578324
000000382533
000000537939
000000221605
000000217269
000000129832
000000475887
000000488401
000000281376
000000244613
000000252342
000000356740
000000372641
000000450959
000000294119
000000101473
000000261072
000000456942
000000401327
000000133464
000000286820
000000188819
000000271068
000000234341
000000338159
000000029697
000000046263
000000577744
000000197266
000000481370
000000326854
000000195542
000000375484
000000071727
000000556091
000000069266
000000459164
000000385641
000000093852
000000503826
000000464263
000000463876
000000088045
000000008934
000000374333
000000065333
000000197681
000000218494
000000174247
000000061034
000000317763
000000341874
000000577091
000000532809
000000122777
000000358763
000000498665
000000144305
000000568879
000000528049
000000359097
000000400166
000000009721
000000443723
000000107954
000000469924
000000447548
000000083614
000000297426
000000335037
000000324914
000000291245
000000487774
000000011184
000000132001
000000068418
000000417804
000000076484
000000568982
000000505953
000000356790
000000150320
000000191444
000000124215
000000116252
000000537145
000000478159
000000075563
000000481425
000000067536
000000497187
000000136807
000000212292
000000299785
000000134768
000000081862
000000188416
000000130130
000000313603
000000028978
000000482774
000000356787
000000174672
000000308555
000000555356
000000522061
000000443649
000000215170
000000518177
000000471528
000000208340
000000085348
000000098143
000000320857
000000085940
000000411277
000000335473
000000461331
000000357024
000000351034
000000292581
000000189932
000000511403
000000284674
000000462148
000000453297
000000033131
000000438556
000000562870
000000224437
000000179317
000000444770
000000140231
000000226069
000000579034
000000408578
000000372717
000000543281
000000220699
000000220981
000000030210
000000030407
000000556648
000000158122
000000378548
000000518908
000000161169
000000319228
000000104320
000000357255
000000066761
000000531797
000000554523
000000091080
000000292419
000000501855
000000394841
000000486122
000000031566
000000319616
000000375691
000000267942
000000255842
000000045663
000000105601
000000390627
000000105683
000000274156
000000468277
000000448555
000000482514
000000519754
000000407520
000000479909
000000084073
000000374043
000000561128
000000264870
000000528972
000000427386
000000310325
000000331349
000000485951
000000346605
000000159449
000000126983
000000506982
000000246955
000000543872
000000190395
000000104790
000000071241
000000038238
000000255582
000000485333
000000455974
000000522108
000000071914
000000235751
000000053569
000000399269
000000465069
000000575356
000000470780
000000244218
000000397322
000000476331
000000121828
000000518524
000000098767
000000410988
000000163253
000000000387
000000566631
000000420389
000000491154
000000531563
000000124594
000000458778
000000223374
000000341676
000000581437
000000031878
000000422783
000000271063
000000350251
000000199203
000000188544
000000388042
000000146465
000000225312
000000174258
000000128812
000000043838
000000253740
000000192453
000000271897
000000007202
000000539089
000000274017
000000472595
000000175821
000000276945
000000378311
000000170425
000000570394
000000577552
000000050392
000000524977
000000341804
000000293607
000000318187
000000341424
000000536602
000000220685
000000362482
000000205193
000000333303
000000556030
000000020915
000000343193
000000314865
000000515176
000000218844
000000041455
000000545671
000000572289
000000406452
000000302289
000000290524
000000215383
000000291039
000000122763
000000542786
000000451522
000000364301
000000405250
000000284867
000000268793
000000237054
000000330881
000000377007
000000504271
000000410836
000000323733
000000453945
000000375820
000000296330
000000311395
000000530168
000000049841
000000366669
000000416815
000000425899
000000464845
000000455020
000000146098
000000449094
000000083352
000000317615
000000457654
000000576212
000000243967
000000286368
000000464494
000000069209
000000204714
000000102171
000000118550
000000521514
000000550118
000000474049
000000510581
000000167994
000000182300
000000438252
000000124709
000000227540
000000268195
000000428282
000000000595
000000233872
000000145241
000000033751
000000576040
000000434145
000000038896
000000046002
000000250778
000000012015
000000180889
000000214990
000000576869
000000080566
000000163829
000000563827
000000038561
000000197980
000000543994
000000461998
000000534094
000000269392
000000110518
000000016669
000000485984
000000049713
000000200772
000000215167
000000197805
000000573749
000000232302
000000128695
000000352248
000000118302
000000472639
000000174774
000000384021
000000505033
000000035423
000000347763
000000112989
000000284639
000000065716
000000549759
000000266655
000000270243
000000387693
000000563177
000000256706
000000015197
000000255006
000000416002
000000422198
000000580960
000000403837
000000376397
000000185079
000000111807
000000197600
000000572121
000000028420
000000153542
000000510028
000000422792
000000454915
000000336901
000000402779
000000412563
000000367035
000000549711
000000241003
000000191136
000000139327
000000135278
000000259790
000000190957
000000160690
000000014335
000000048900
000000441296
000000362480
000000152994
000000249666
000000261316
000000508292
000000088697
000000187042
000000187509
000000431484
000000291855
000000043369
000000136905
000000490959
000000235557
000000237611
000000035145
000000502307
000000063626
000000073234
000000014750
000000514060
000000557771
000000314693
000000529030
000000148366
000000090814
000000241935
000000237184
000000361256
000000178388
000000123456
000000378848
000000246156
000000270211
000000500712
000000193034
000000522269
000000083219
000000455770
000000357461
000000545676
000000001625
000000048682
000000289515
000000158977
000000040625
000000494041
000000047020
000000103393
000000298182
000000317208
000000013715
000000236920
000000308911
000000141692
000000511853
000000190556
000000150158
000000205679
000000306789
000000029299
000000420629
000000349144
000000474597
000000043522
000000293906
000000277448
000000096101
000000111604
000000311925
000000317878
000000362944
000000449944
000000356496
000000410603
000000397769
000000271469
000000445408
000000132908
000000305549
000000479984
000000239933
000000152385
000000447432
000000151291
000000027008
000000562330
000000328271
000000265168
000000026049
000000519145
000000270574
000000125244
000000087058
000000466949
000000046408
000000053108
000000173184
000000251084
000000115633
000000149331
000000049268
000000272846
000000134113
000000458123
000000562291
000000378865
000000335486
000000167123
000000179134
000000113455
000000116650
000000000656
000000390565
000000570978
000000187108
000000382482
000000038027
000000197686
000000076476
000000512644
000000382466
000000364491
000000080792
000000220666
000000010719
000000261431
000000361071
000000401312
000000155981
000000484620
000000422899
000000018661
000000154879
000000376283
000000384164
000000473040
000000489554
000000364956
000000486350
000000073837
000000481257
000000064032
000000229500
000000024792
000000369156
000000095061
000000076014
000000261272
000000560366
000000354402
000000083990
000000408424
000000459673
000000479427
000000479399
000000041342
000000145518
000000426939
000000132773
000000228784
000000565746
000000463875
000000440611
000000211299
000000446467
000000339453
000000220686
000000400303
000000169448
000000101687
000000234819
000000179906
000000444660
000000205150
000000001408
000000256815
000000325775
000000036725
000000354734
000000372536
000000331093
000000209534
000000106072
000000100918
000000173759
000000462517
000000519836
000000570719
000000297462
000000073215
000000097951
000000188889
000000500525
000000223612
000000249291
000000185293
000000566935
000000560254
000000015610
000000317768
000000016784
000000326824
000000052686
000000382688
000000450215
000000353906
000000223288
000000489649
000000506062
000000222755
000000215304
000000087756
000000458016
000000508191
000000394640
000000536963
000000141809
000000282343
000000292087
000000202112
000000254296
000000443589
000000097998
000000521894
000000213382
000000426510
000000457114
000000280224
000000321013
000000326891
000000164655
000000204682
000000480744
000000065262
000000359625
000000373637
000000424429
000000172171
000000418047
000000036850
000000545124
000000250278
000000575267
000000577710
000000335781
000000090307
000000122460
000000392843
000000150546
000000386973
000000316275
000000000247
000000563593
000000485602
000000495641
000000578317
000000396420
000000030235
000000364006
000000540695
000000436878
000000553201
000000467778
000000423209
000000228519
000000397378
000000384122
000000244451
000000008373
000000426857
000000021811
000000216952
000000103678
000000295853
000000015273
000000435445
000000223836
000000524174
000000489267
000000373487
000000157153
000000146751
000000273641
000000488011
000000570503
000000486571
000000106756
000000316152
000000294813
000000210134
000000277319
000000467311
000000258792
000000470933
000000238902
000000431675
000000260123
000000327202
000000466885
000000077745
000000387676
000000517881
000000263002
000000455832
000000239593
000000174723
000000357587
000000288119
000000085482
000000128987
000000470988
000000151499
000000287601
000000066351
000000193617
000000360071
000000026436
000000000071
000000328348
000000067080
000000465618
000000418885
000000579604
000000075965
000000282670
000000115515
000000440302
000000534849
000000428029
000000105222
000000356362
000000228566
000000469556
000000276125
000000544577
000000107617
000000205078
000000560173
000000581582
000000184745
000000563514
000000262442
000000193943
000000515823
000000058713
000000347660
000000211431
000000309781
000000109777
000000452162
000000122539
000000368645
000000024221
000000552170
000000133247
000000066156
000000467466
000000009321
000000342004
000000540245
000000159220
000000192818
000000341385
000000111492
000000103967
000000008439
000000101643
000000499725
000000479372
000000154161
000000210401
000000053696
000000370543
000000162538
000000091005
000000319855
000000518010
000000225641
000000553587
000000187425
000000073541
000000144298
000000566126
000000003682
000000509350
000000262819
000000196245
000000106688
000000202557
000000345719
000000520515
000000124734
000000356767
000000321592
000000224753
000000348487
000000266827
000000395281
000000274474
000000139594
000000377703
000000045580
000000120759
000000422298
000000198547
000000351876
000000393945
000000196948
000000348722
000000135267
000000447533
000000436856
000000188575
000000276909
000000532015
000000241554
000000188068
000000533601
000000575734
000000259316
000000430343
000000445218
000000208243
000000158418
000000161924
000000151265
000000254692
000000094416
000000336987
000000493717
000000144089
000000351841
000000402290
000000401526
000000221474
000000345090
000000568665
000000340244
000000353139
000000118644
000000000629
000000417478
000000365138
000000317036
000000399142
000000309774
000000061676
000000076493
000000151434
000000444866
000000464629
000000561151
000000328158
000000246489
000000437354
000000475441
000000390342
000000496939
000000257118
000000318122
000000390817
000000421877
000000065566
000000408922
000000027002
000000379122
000000383525
000000348436
000000190513
000000327368
000000115151
000000147328
000000519181
000000151345
000000546085
000000088377
000000320744
000000464536
000000470292
000000063828
000000186944
000000338021
000000531256
000000169174
000000573166
000000406414
000000110159
000000310498
000000384167
000000051487
000000052924
000000545781
000000198974
000000373700
000000458430
000000064324
000000137452
000000216378
000000161914
000000125466
000000145854
000000250926
000000276070
000000049586
000000456876
000000183835
000000361942
000000153340
000000526079
000000344661
000000272384
000000044240
000000132290
000000473489
000000486854
000000237427
000000110203
000000141494
000000285696
000000474568
000000092444
000000337013
000000569142
000000405441
000000208954
000000504833
000000463279
000000275530
000000387296
000000452774
000000332012
000000232500
000000210024
000000054009
000000406391
000000017147
000000535593
000000217571
000000042876
000000486821
000000402174
000000365319
000000077601
000000058565
000000190157
000000230273
000000542855
000000388025
000000398040
000000277790
000000270686
000000059309
000000356449
000000241790
000000008311
000000329843
000000277403
000000419442
000000096211
000000476531
000000480415
000000065135
000000470561
000000059551
000000342141
000000555446
000000060060
000000141834
000000410425
000000470458
000000189285
000000012875
000000102073
000000292421
000000284333
000000431526
000000577795
000000400845
000000512438
000000416869
000000389563
000000498813
000000246161
000000064070
000000254729
000000040008
000000243102
000000521165
000000294321
000000570852
000000236262
000000322350
000000378586
000000396572
000000345541
000000269088
000000007567
000000102246
000000393221
000000415042
000000503782
000000009039
000000424348
000000403118
000000028044
000000175250
000000513441
000000204938
000000347603
000000178870
000000515304
000000347037
000000460625
000000487566
000000427102
000000094676
000000012178
000000512146
000000370550
000000096154
000000262187
000000562398
000000131118
000000342107
000000446661
000000104380
000000534573
000000455015
000000446882
000000174337
000000115274
000000168558
000000418982
000000458640
000000246181
000000090274
000000182782
000000468444
000000309599
000000090820
000000354235
000000467758
000000468679
000000062351
000000451153
000000535139
000000082281
000000505093
000000094119
000000371091
000000297066
000000067114
000000475074
000000428460
000000327539
000000479677
000000012138
000000313525
000000349475
000000348451
000000247209
000000271842
000000569750
000000572152
000000525380
000000538699
000000486002
000000461750
000000397673
000000433561
000000353400
000000323374
000000077550
000000280024
000000091550
000000055092
000000397353
000000270184
000000391422
000000154972
000000421297
000000415540
000000144831
000000429820
000000233935
000000131666
000000524763
000000165855
000000466301
000000544614
000000200391
000000550482
000000031497
000000064317
000000066255
000000183022
000000069693
000000040870
000000372197
000000484762
000000333363
000000406339
000000193390
000000252132
000000450763
000000100757
000000536423
000000200560
000000401270
000000277203
000000002280
000000025559
000000548933
000000480391
000000367935
000000333533
000000370768
000000577563
000000556524
000000489950
000000104610
000000129940
000000534713
000000153235
000000333571
000000127747
000000039685
000000145078
000000238290
000000331955
000000184786
000000424370
000000548428
000000268212
000000151534
000000579341
000000472788
000000265619
000000487413
000000195721
000000150698
000000005947
000000013188
000000219435
000000253285
000000314788
000000186508
000000481129
000000299050
000000011618
000000164010
000000551246
000000143085
000000389320
000000014707
000000314425
000000177550
000000409979
000000073029
000000072895
000000380812
000000125365
000000115536
000000326182
000000321577
000000373596
000000162223
000000249791
000000091118
000000581797
000000311511
000000524823
000000454951
000000144670
000000008471
000000123788
000000237482
000000158486
000000423749
000000130892
000000052035
000000117668
000000468182
000000490256
000000421322
000000411844
000000245139
000000099405
000000161463
000000277204
000000156878
000000277999
000000276797
000000406866
000000059968
000000504540
000000275939
000000128652
000000169321
000000393159
000000175608
000000399664
000000574114
000000507276
000000314064
000000125394
000000206196
000000043016
000000466623
000000115574
000000371134
000000355968
000000247971
000000351112
000000223121
000000348550
000000425629
000000351352
000000177255
000000077989
000000574579
000000478031
000000148462
000000424768
000000485268
000000085173
000000066642
000000346726
000000489297
000000575497
000000237592
000000293862
000000044842
000000297997
000000083090
000000244206
000000006819
000000573388
000000017226
000000292791
000000444831
000000488018
000000421995
000000135790
000000081406
000000408965
000000233369
000000296059
000000006586
000000244765
000000153167
000000290544
000000340868
000000231862
000000127893
000000005396
000000076792
000000096076
000000525612
000000493251
000000377115
000000126979
000000481791
000000548515
000000535573
000000397986
000000062225
000000275380
000000139839
000000032948
000000487645
000000367111
000000363205
000000483288
000000149862
000000058413
000000350987
000000228754
000000219228
000000581218
000000119947
000000484418
000000133227
000000474882
000000436579
000000188749
000000308422
000000481293
000000078354
000000311067
000000371453
000000176222
000000060054
000000173561
000000503779
000000092614
000000164569
000000246012
000000348782
000000488787
000000361519
000000253419
000000118188
000000397337
000000370824
000000362419
000000041808
000000118463
000000220183
000000452088
000000364303
000000039277
000000377493
000000529647
000000572279
000000371438
000000431516
000000084582
000000560629
000000101431
000000196916
000000227464
000000237716
000000458205
000000180098
000000187929
000000420021
000000381107
000000268081
000000121302
000000374502
000000275694
000000317861
000000514825
000000043606
000000487573
000000457288
000000455696
000000379749
000000169490
000000287161
000000452799
000000288794
000000285499
000000459354
000000207075
000000390534
000000030713
000000268921
000000392115
000000080518
000000308954
000000189469
000000360643
000000082201
000000252581
000000404740
000000254656
000000311475
000000476624
000000203969
000000231966
000000118950
000000183646
000000381274
000000035101
000000561666
000000264235
000000470026
000000484122
000000028007
000000378111
000000202943
000000206889
000000418379
000000526506
000000453158
000000336690
000000319938
000000571503
000000390159
000000085799
000000474887
000000056963
000000147698
000000018601
000000201073
000000435284
000000451520
000000272312
000000274248
000000098395
000000298303
000000228002
000000300580
000000224800
000000060973
000000493081
000000511146
000000091190
000000492492
000000368014
000000245503
000000447236
000000490998
000000148299
000000047692
000000163054
000000527518
000000476324
000000200840
000000202583
000000242039
000000120717
000000520802
000000269126
000000581770
000000263112
000000336966
000000111707
000000093667
000000493253
000000219094
000000343942
000000213534
000000238117
000000395495
000000281180
000000317807
000000547363
000000192137
000000116622
000000199243
000000470797
000000140733
000000234522
000000226976
000000302389
000000066858
000000551214
000000493146
000000407142
000000296277
000000532521
000000212643
000000352612
000000135316
000000412011
000000374337
000000410356
000000308610
000000527637
000000563250
000000461450
000000384909
000000492303
000000382607
000000011299
000000569596
000000156768
000000016432
000000452706
000000239831
000000555911
000000064906
000000561622
000000323868
000000356097
000000280169
000000366204
000000021084
000000500207
000000192669
000000255728
000000523617
000000433968
000000532333
000000503028
000000335255
000000523599
000000040746
000000227677
000000565648
000000005967
000000116171
000000296137
000000078674
000000132139
000000463925
000000336061
000000316474
000000439619
000000175418
000000262541
000000162372
000000318491
000000481254
000000235430
000000361370
000000448698
000000130973
000000077854
000000190964
000000185888
000000531684
000000349318
000000362685
000000033659
000000287960
000000279009
000000506534
000000141038
000000012241
000000431846
000000167856
000000471981
000000265106
000000116994
000000557200
000000108069
000000453611
000000007143
000000296755
000000409933
000000558788
000000174712
000000512310
000000556473
000000475447
000000116040
000000130392
000000299433
000000051041
000000502588
000000374520
000000557660
000000430890
000000311641
000000375455
000000215502
000000171499
000000095410
000000219442
000000206504
000000164944
000000262932
000000515684
000000377672
000000132847
000000549708
000000483573
000000179934
000000284914
000000031305
000000059063
000000039272
000000347652
000000561524
000000187844
000000346041
000000574257
000000479101
000000116174
000000354604
000000075466
000000547796
000000206042
000000543683
000000476993
000000259172
000000176732
000000468846
000000277926
000000246287
000000278790
000000567173
000000049549
000000471439
000000490184
000000511157
000000538947
000000403750
000000561591
000000227363
000000251347
000000494498
000000122573
000000429573
000000090106
000000553969
000000083632
000000194191
000000486030
000000082611
000000210806
000000534058
000000444134
000000263599
000000143877
000000182127
000000195644
000000574602
000000234378
000000336006
000000460125
000000316640
000000370363
000000006560
000000427526
000000272173
000000492630
000000036533
000000180272
000000530964
000000016683
000000221184
000000359162
000000204667
000000062941
000000087348
000000495018
000000232548
000000079824
000000506843
000000164487
000000525607
000000268643
000000387419
000000106293
000000096192
000000367462
000000204041
000000012728
000000112252
000000287049
000000387248
000000041588
000000547192
000000072391
000000306595
000000435777
000000542000
000000514771
000000118195
000000251283
000000352264
000000435142
000000301419
000000509939
000000196804
000000451768
000000364464
000000000081
000000075267
000000264828
000000212589
000000427642
000000486013
000000126413
000000068231
000000110445
000000155751
000000368448
000000476430
000000533835
000000467097
000000065213
000000506371
000000343905
000000489123
000000310416
000000012548
000000250226
000000329387
000000555658
000000548322
000000321119
000000059565
000000342556
000000452643
000000161062
000000242079
000000067726
000000184300
000000197471
000000499294
000000534663
000000422953
000000492882
000000237542
000000322952
000000249611
000000143071
000000339094
000000572781
000000382681
000000548273
000000209179
000000085752
000000032174
000000250241
000000527816
000000163002
000000314916
000000358684
000000118881
000000016765
000000223459
000000488120
000000454206
000000262492
000000254347
000000161973
000000171637
000000520942
000000229605
000000081318
000000011707
000000323077
000000341916
000000021972
000000083769
000000186308
000000311629
000000095940
000000131133
000000438180
000000205918
000000316936
000000125227
000000211536
000000481462
000000226488
000000302481
000000382413
000000240832
000000205280
000000521402
000000220912
000000474390
000000393311
000000540785
000000069968
000000094608
000000549499
000000206363
000000242376
000000132850
000000430220
000000281103
000000168178
000000083288
000000156398
000000297843
000000134012
000000151245
000000454749
000000185957
000000324821
000000228965
000000413466
000000502359
000000254710
000000425433
000000448358
000000022218
000000329480
000000035357
000000216539
000000574944
000000072126
000000458374
000000105096
000000436646
000000171478
000000448461
000000293880
000000416718
000000239187
000000490434
000000319990
000000109246
000000527865
000000559747
000000507494
000000164041
000000163723
000000549879
000000169014
000000107962
000000047700
000000422314
000000146582
000000237843
000000290192
000000221532
000000370280
000000146959
000000336335
000000122908
000000265277
000000111223
000000554556
000000095001
000000527615
000000091508
000000418958
000000554597
000000295480
000000395263
000000574884
000000360129
000000543560
000000487635
000000233296
000000063820
000000547938
000000564073
000000310006
000000465554
000000578306
000000164222
000000459104
000000024020
000000078729
000000107630
000000522820
000000218649
000000342092
000000306231
000000040201
000000379743
000000518885
000000208329
000000435805
000000240602
000000257666
000000389103
000000240322
000000018441
000000404377
000000116941
000000354824
000000219303
000000192827
000000008453
000000297154
000000013043
000000170451
000000419105
000000519845
000000117262
000000017180
000000150181
000000042085
000000430097
000000220213
000000075309
000000295442
000000360919
000000211969
000000032787
000000135806
000000001611
000000228474
000000099066
000000114728
000000531309
000000108210
000000559438
000000334517
000000465008
000000456771
000000185579
000000421744
000000198473
000000169068
000000325786
000000102803
000000483146
000000573922
000000129865
000000498903
000000194862
000000234395
000000040890
000000341573
000000560459
000000154727
000000480115
000000010627
000000387219
000000096106
000000348715
000000243846
000000563458
000000011474
000000380163
000000182112
000000551594
000000447099
000000559486
000000438909
000000032093
000000269947
000000158053
000000390544
000000459978
000000413922
000000300704
000000482734
000000501329
000000166086
000000104416
000000386532
000000302282
000000384700
000000225040
000000134334
000000356810
000000392841
000000121690
000000186480
000000248204
000000081126
000000506149
000000422300
000000340405
000000166761
000000211027
000000405327
000000075614
000000362503
000000572991
000000162650
000000030841
000000572251
000000559857
000000358442
000000400617
000000316649
000000562863
000000329263
000000324831
000000374018
000000003264
000000243895
000000301918
000000412501
000000473222
000000079546
000000249441
000000110310
000000443687
000000518898
000000290578
000000127424
000000071016
000000448859
000000186171
000000021678
000000125335
000000216036
000000512895
000000484059
000000134912
000000193469
000000565641
000000407926
000000297168
000000325646
000000482128
000000550144
000000007489
000000456845
000000128752
000000136235
000000402936
000000154656
000000268547
000000445845
000000360701
000000004920
000000415190
000000191803
000000406981
000000125711
000000530655
000000523154
000000322802
000000175314
000000300260
000000409020
000000579213
000000005557
000000124970
000000278565
000000436009
000000157301
000000069579
000000525025
000000337997
000000383424
000000546140
000000119006
000000463581
000000335683
000000225787
000000573572
000000008138
000000121920
000000186201
000000147969
000000415455
000000184431
000000405507
000000085744
000000377709
000000445006
000000418873
000000153861
000000214413
000000151455
000000376492
000000046112
000000255214
000000360575
000000240263
000000452831
000000519936
000000553659
000000422887
000000459905
000000152427
000000083691
000000516190
000000480452
000000503520
000000131449
000000315997
000000253442
000000038905
000000093098
000000517089
000000302662
000000510617
000000501801
000000435544
000000235870
000000396663
000000352407
000000495040
000000493936
000000125658
000000312748
000000141095
000000003982
000000004032
000000531146
000000430094
000000218446
000000536280
000000222311
000000054996
000000195772
000000191754
000000032681
000000406579
000000230945
000000081383
000000073154
000000417891
000000052523
000000452642
000000023274
000000202410
000000455362
000000552392
000000140100
000000445639
000000432247
000000115954
000000101421
000000274196
000000294849
000000509217
000000408599
000000399055
000000322969
000000367961
000000330253
000000078087
000000078667
000000503061
000000226136
000000147303
000000367761
000000307082
000000298335
000000248862
000000224395
000000221475
000000479038
000000374360
000000125699
000000348860
000000006270
000000360397
000000527090
000000004762
000000559040
000000532178
000000292678
000000395765
000000290628
000000169211
000000131170
000000145343
000000580549
000000087845
000000205634
000000405562
000000195810
000000346111
000000481772
000000486730
000000091536
000000311644
000000242029
000000339312
000000199165
000000151934
000000079802
000000117157
000000319695
000000466942
000000101159
000000245517
000000367484
000000105363
000000419815
000000262937
000000576122
000000171419
000000112040
000000448887
000000462057
000000155845
000000270497
000000447891
000000265333
000000226708
000000100506
000000021136
000000020527
000000219654
000000332953
000000005757
000000149878
000000268694
000000339276
000000403534
000000266557
000000129859
000000206256
000000407812
000000153421
000000408506
000000120645
000000068167
000000108112
000000368874
000000456416
000000473891
000000027675
000000567066
000000166057
000000338969
000000012567
000000216142
000000302588
000000435811
000000140460
000000265557
000000227216
000000469135
000000516617
000000461236
000000056680
000000060990
000000385538
000000393602
000000061559
000000331165
000000190751
000000337415
000000015876
000000353357
000000041843
000000024193
000000226896
000000217484
000000231060
000000115643
000000530417
000000533182
000000051106
000000414891
000000083815
000000340296
000000437578
000000085646
000000024682
000000474271
000000240407
000000076213
000000297023
000000221883
000000046212
000000136453
000000198881
000000035630
000000429586
000000550466
000000059416
000000064218
000000555535
000000302725
000000053684
000000207751
000000313659
000000559024
000000289034
000000118937
000000087812
000000411849
000000295819
000000067768
000000308089
000000168542
000000442326
000000001877
000000349775
000000296599
000000229794
000000391874
000000187147
000000138027
000000013901
000000030321
000000393294
000000363935
000000283208
000000335236
000000387635
000000044523
000000038152
000000579291
000000017810
000000392683
000000568955
000000220368
000000178695
000000170662
000000560655
000000470114
000000235217
000000039971
000000497863
000000398967
000000518433
000000129253
000000204131
000000393600
000000386016
000000547808
000000138081
000000503036
000000269680
000000214394
000000168430
000000347972
000000311939
000000471280
000000232292
000000138317
000000246988
000000209066
000000448710
000000251264
000000298588
000000171430
000000122776
000000204085
000000141848
000000435924
000000227490
000000428212
000000517341
000000448401
000000249711
000000500945
000000082600
000000456520
000000558303
000000014622
000000272316
000000304151
000000108510
000000427770
000000511480
000000143091
000000163933
000000094005
000000447524
000000451397
000000091211
000000392099
000000254130
000000007396
000000270193
000000026007
000000525101
000000218307
000000009064
000000561005
000000188771
000000482722
000000166794
000000315808
000000178672
000000250557
000000517910
000000169188
000000352313
000000332210
000000421106
000000207381
000000162318
000000319952
000000055418
000000410758
000000361246
000000283309
000000141008
000000147585
000000565834
000000403407
000000503407
000000540882
000000290189
000000495155
000000223776
000000254997
000000375733
000000167746
000000082650
000000134008
000000447049
000000438047
000000059525
000000111853
000000356107
000000432535
000000517395
000000163563
000000047116
000000076645
000000297738
000000214209
000000438301
000000165829
000000115564
000000415539
000000039998
000000061048
000000415660
000000571690
000000213242
000000494321
000000201278
000000419822
000000510243
000000284583
000000078077
000000187902
000000389884
000000064890
000000266623
000000326750
000000347793
000000171495
000000265444
000000232484
000000266959
000000233071
000000303252
000000319070
000000110314
000000207677
000000348538
000000006733
000000012679
000000452183
000000533158
000000403332
000000537729
000000297911
000000473195
000000578376
000000033758
000000420887
000000576758
000000482298
000000524816
000000367011
000000143616
000000268731
000000367954
000000017100
000000243038
000000362618
000000082772
000000038729
000000306877
000000529689
000000316852
000000279430
000000537560
000000345152
000000068817
000000275902
000000317848
000000239269
000000039276
000000307745
000000057337
000000201386
000000351537
000000516849
000000537139
000000139787
000000417660
000000148772
000000507936
000000208898
000000440346
000000576756
000000489288
000000433927
000000449229
000000144816
000000570864
000000369256
000000071109
000000540987
000000507827
000000120601
000000571996
000000295455
000000175191
000000407466
000000250844
000000422599
000000308110
000000259527
000000203333
000000150115
000000185822
000000295334
000000387672
000000468361
000000211384
000000246877
000000298058
000000308546
000000573254
000000407814
000000514519
000000119552
000000028611
000000021257
000000245392
000000417201
000000182700
000000216415
000000511412
000000052974
000000007510
000000465826
000000266689
000000265645
000000109177
000000563817
000000122811
000000280047
000000408801
000000243292
000000292879
000000441034
000000266455
000000075902
000000322734
000000249049
000000475531
000000382515
000000477724
000000485752
000000053533
000000240911
000000410320
000000066121
000000149927
000000314943
000000528699
000000483122
000000267201
000000409069
000000465045
000000343087
000000433331
000000096886
000000304040
000000155083
000000207808
000000486893
000000200612
000000362263
000000351483
000000417242
000000057050
000000397173
000000423423
000000151264
000000273804
000000365523
000000317223
000000170021
000000420874
000000401893
000000328606
000000158140
000000183645
000000326192
000000578951
000000411825
000000502719
000000026033
000000463424
000000314877
000000084776
000000309585
000000298170
000000266023
000000239668
000000454769
000000119562
000000392936
000000556920
000000323052
000000364508
000000492610
000000535250
000000529120
000000536592
000000437547
000000322530
000000564031
000000035551
000000465892
000000286439
000000323230
000000191042
000000373779
000000288278
000000525398
000000029149
000000310108
000000538105
000000275583
000000001712
000000306483
000000393174
000000034169
000000501257
000000243627
000000559000
000000436085
000000353402
000000093000
000000490469
000000153530
000000548863
000000390656
000000454783
000000526759
000000221916
000000075061
000000464555
000000108680
000000322049
000000562317
000000524788
000000377878
000000163302
000000335804
000000213510
000000502792
000000565166
000000511624
000000554316
000000012421
000000506418
000000367257
000000556647
000000116396
000000246095
000000271763
000000006990
000000154465
000000300267
000000249261
000000440217
000000038614
000000274663
000000266586
000000107450
000000241026
000000313786
000000095412
000000032729
000000012664
000000104142
000000135618
000000265209
000000422423
000000500688
000000311232
000000190868
000000086705
000000117275
000000257414
000000164388
000000480556
000000064279
000000224812
000000265773
000000003003
000000097744
000000072971
000000384374
000000320160
000000503985
000000352658
000000448115
000000016755
000000310514
000000507801
000000265974
000000476578
000000314377
000000365458
000000555724
000000432849
000000127467
000000149634
000000247320
000000117322
000000476631
000000197656
000000553056
000000272081
000000580166
000000242973
000000062160
000000376802
000000271092
000000398633
000000557643
000000548597
000000216301
000000385940
000000043776
000000517772
000000572000
000000435399
000000124880
000000529365
000000425072
000000329558
000000408557
000000488002
000000439236
000000102877
000000147843
000000224942
000000105761
000000130705
000000098800
000000080203
000000451074
000000580636
000000456314
000000005340
000000522000
000000500964
000000484715
000000332606
000000384395
000000371254
000000024947
000000477646
000000288569
000000134717
000000135086
000000010343
000000422869
000000218850
000000204572
000000263036
000000081280
000000567391
000000266597
000000106973
000000290175
000000480839
000000163240
000000376746
000000158018
000000195942
000000029214
000000038030
000000448911
000000226053
000000267578
000000500987
000000100483
000000129716
000000176946
000000273102
000000200369
000000316466
000000515502
000000411856
000000255682
000000288985
000000373425
000000299657
000000552348
000000553753
000000516740
000000356970
000000009178
000000181463
000000308535
000000211263
000000248471
000000144869
000000355021
000000226451
000000440577
000000367772
000000108093
000000147616
000000514662
000000535994
000000217197
000000156448
000000560606
000000226287
000000027504
000000170348
000000138067
000000563380
000000383987
000000185082
000000576543
000000483538
000000348107
000000459343
000000098543
000000548559
000000201714
000000178423
000000488488
000000415239
000000081767
000000421613
000000049562
000000160452
000000209816
000000484992
000000021089
000000353723
000000334883
000000171290
000000013934
000000277681
000000360427
000000355742
000000034563
000000304552
000000108828
000000351126
000000118775
000000032059
000000493767
000000350633
000000019351
000000553233
000000352498
000000073146
000000169006
000000515655
000000530197
000000459248
000000177618
000000579699
000000443533
000000256159
000000548537
000000402308
000000024899
000000178935
000000270999
000000371730
000000044389
000000537074
000000220629
000000087322
000000157251
000000186410
000000482079
000000511508
000000253098
000000421274
000000446094
000000354644
000000245559
000000336797
000000451312
000000029403
000000333830
000000166421
000000161886
000000096458
000000017715
000000080283
000000055642
000000145116
000000184329
000000574339
000000340544
000000023686
000000298558
000000421531
000000532629
000000552197
000000012626
000000133153
000000116376
000000544950
000000539395
000000283885
000000114784
000000555715
000000125616
000000315045
000000255233
000000567372
000000321213
000000241685
000000010430
000000400104
000000535019
000000285042
000000532036
000000463620
000000223621
000000525128
000000016653
000000359857
000000344870
000000542015
000000160313
000000237130
000000021693
000000431115
000000277677
000000531368
000000323900
000000296712
000000334610
000000305919
000000550747
000000568516
000000025695
000000576026
000000392105
000000165126
000000194529
000000001090
000000212712
000000561288
000000263639
000000151049
000000563058
000000001562
000000251026
000000099094
000000535304
000000522302
000000455182
000000570463
000000068667
000000124028
000000399738
000000309024
000000496073
000000002982
000000535510
000000161751
000000010981
000000369633
000000559226
000000044160
000000377074
000000190272
000000424272
000000077797
000000442242
000000147924
000000175333
000000380499
000000327450
000000251427
000000401963
000000275292
000000449138
000000184518
000000125262
000000453289
000000004971
000000006120
000000406342
000000293851
000000294635
000000439107
000000106952
000000097747
000000510293
000000345216
000000415608
000000579922
000000050658
000000129890
000000247451
000000054233
000000340222
000000252160
000000064497
000000466480
000000539705
000000107197
000000379567
000000040143
000000570602
000000369697
000000101694
000000451985
000000336234
000000480666
000000140426
000000226034
000000362152
000000452465
000000188087
000000519713
000000464075
000000128918
000000299641
000000159897
000000255462
000000244908
000000165365
000000522079
000000463655
000000100182
000000391926
000000159656
000000318670
000000128421
000000107979
000000148802
000000193972
000000567252
000000408426
000000497633
000000202050
000000099678
000000379159
000000473588
000000421775
000000016857
000000096572
000000215806
000000167956
000000326311
000000267717
000000261266
000000330727
000000388171
000000263192
000000520743
000000010405
000000436362
000000423943
000000550097
000000327059
000000209813
000000335775
000000037123
000000429902
000000175256
000000392290
000000091371
000000176763
000000431510
000000023173
000000127991
000000437776
000000324669
000000002623
000000371794
000000199157
000000124747
000000564157
000000363137
000000341440
000000555037
000000219842
000000129539
000000153350
000000004888
000000447232
000000384679
000000443650
000000302343
000000054962
000000122923
000000162937
000000466070
000000221805
000000477310
000000425772
000000006146
000000569154
000000527562
000000223684
000000385885
000000279147
000000516264
000000070602
000000297960
000000577470
000000128631
000000532256
000000045314
000000409163
000000314130
000000119594
000000225325
000000467308
000000281021
000000060319
000000356007
000000378101
000000217496
000000334393
000000099299
000000152275
000000275372
000000522687
000000230171
000000550113
000000206444
000000000404
000000306552
000000160247
000000047087
000000288825
000000331140
000000448253
000000554668
000000168665
000000298747
000000032880
000000082679
000000063492
000000485685
000000504143
000000536929
000000426007
000000436651
000000452439
000000502964
000000232516
000000295321
000000155118
000000151161
000000023301
000000451036
000000340935
000000268114
000000381214
000000298793
000000423906
000000422130
000000235813
000000102604
000000428809
000000212935
000000391600
000000348098
000000009898
000000313802
000000520976
000000246335
000000261251
000000329399
000000070871
000000112858
000000345370
000000217046
000000428898
000000510260
000000103897
000000347986
000000054192
000000090676
000000513199
000000388500
000000540943
000000478823
000000260955
000000298050
000000397746
000000381990
000000559873
000000453488
000000448013
000000122411
000000505244
000000329083
000000469639
000000075352
000000268523
000000069043
000000066316
000000250106
000000043347
000000272924
000000352535
000000053840
000000423964
000000060814
000000128027
000000364806
000000500401
000000316003
000000080401
000000288642
000000512557
000000503074
000000048165
000000446131
000000160327
000000023035
000000093971
000000436571
000000458008
000000208144
000000288751
000000365600
000000568330
000000331085
000000008345
000000231835
000000280160
000000043933
000000526601
000000105468
000000235132
000000417962
000000341612
000000402097
000000048263
000000010229
000000017760
000000163645
000000296462
000000283393
000000562002
000000347019
000000569356
000000326290
000000492541
000000008547
000000034231
000000191802
000000050294
000000184379
000000403286
000000261856
000000058563
000000242405
000000388885
000000284247
000000228226
000000559975
000000273337
000000288347
000000018702
000000389672
000000549011
000000328224
000000217769
000000477866
000000520582
000000538798
000000129917
000000217592
000000047175
000000492995
000000130897
000000011812
000000462618
000000425465
000000287304
000000255998
000000361417
000000226264
000000131400
000000572752
000000458420
000000245086
000000368149
000000037104
000000466047
000000339324
000000192831
000000356615
000000313256
000000518199
000000469595
000000036776
000000382929
000000109598
000000312661
000000164000
000000067580
000000554075
000000469977
000000568808
000000320144
000000491490
000000085960
000000508251
000000416279
000000381810
000000548965
000000463600
000000046068
000000342323
000000150908
000000145153
000000554453
000000198085
000000283620
000000140008
000000014484
000000027388
000000557920
000000015524
000000234603
000000397004
000000097844
000000366724
000000400045
000000190839
000000283809
000000129079
000000360779
000000118413
000000065448
000000103812
000000281288
000000310972
000000511245
000000167955
000000312240
000000505226
000000334568
000000191403
000000197068
000000465825
000000540275
000000561137
000000106034
000000390179
000000093403
000000391000
000000004488
000000070474
000000279810
000000549821
000000333621
000000381485
000000175091
000000046535
000000475561
000000567407
000000058736
000000564978
000000462801
000000141263
000000099999
000000310867
000000084548
000000244141
000000389667
000000445906
000000099498
000000003823
000000476634
000000170999
000000555998
000000450777
000000518071
000000113106
000000225587
000000517670
000000027524
000000139914
000000104900
000000215908
000000264406
000000578209
000000531404
000000355727
000000328327
000000273979
000000085320
000000314203
000000339355
000000186585
000000147547
000000100303
000000422921
000000220062
000000103234
000000007855
000000177619
000000329966
000000554744
000000427068
000000445540
000000113844
000000074938
000000141180
000000414546
000000019980
000000421334
000000555590
000000254360
000000497275
000000440401
000000389312
000000502877
000000500782
000000229142
000000248732
000000349376
000000268777
000000334938
000000558711
000000564912
000000278732
000000405752
000000564759
000000437509
000000567437
000000448351
000000213113
000000265589
000000235038
000000124142
000000082597
000000111152
000000538922
000000076477
000000414539
000000479936
000000514772
000000325758
000000398349
000000258000
000000106902
000000521314
000000265161
000000579909
000000254101
000000270098
000000001709
000000087217
000000081508
000000429228
000000080549
000000311476
000000518610
000000170908
000000384957
000000463309
000000111319
000000396120
000000095095
000000557227
000000214801
000000531944
000000229832
000000476055
000000316026
000000313061
000000112320
000000330916
000000489510
000000303148
000000456799
000000030915
000000542548
000000559992
000000460576
000000432201
000000450066
000000357644
000000524838
000000325470
000000326359
000000027452
000000072637
000000293341
000000002618
000000476111
000000284170
000000240511
000000187723
000000436707
000000468731
000000166450
000000265331
000000532445
000000455083
000000212181
000000210453
000000040068
000000298081
000000132972
000000546114
000000266336
000000183811
000000316132
000000543447
000000046104
000000112747
000000276644
000000410992
000000257894
000000423448
000000253382
000000363639
000000074336
000000096057
000000242955
000000206161
000000343621
000000233614
000000267160
000000239504
000000184718
000000226691
000000505485
000000573623
000000004978
000000183266
000000396337
000000310766
000000202752
000000077858
000000463619
000000398053
000000267552
000000166915
000000554658
000000407349
000000326716
000000147501
000000441013
000000153907
000000203349
000000443646
000000535497
000000303308
000000063353
000000024787
000000315609
000000200857
000000226897
000000523433
000000491305
000000055521
000000483058
000000114748
000000511165
000000111103
000000549517
000000300040
000000104814
000000161486
000000241623
000000019194
000000510718
000000456737
000000097686
000000132485
000000556789
000000025723
000000416841
000000140730
000000425825
000000351218
000000337546
000000070502
000000179019
000000206077
000000222594
000000174868
000000230578
000000492382
000000289920
000000046073
000000478132
000000434200
000000305450
000000299244
000000290856
000000241797
000000390567
000000411775
000000468977
000000169589
000000079106
000000480107
000000258174
000000444983
000000086020
000000365041
000000343279
000000563739
000000553271
000000399195
000000194034
000000374192
000000350681
000000501842
000000447983
000000484065
000000337111
000000119535
000000145411
000000080431
000000169883
000000059114
000000312603
000000417129
000000206203
000000068958
000000105252
000000091288
000000260826
000000189063
000000000094
000000447209
000000023024
000000022032
000000428326
000000091708
000000039464
000000151324
000000033786
000000559186
000000180771
000000264676
000000126239
000000281994
000000580562
000000431984
000000282574
000000344669
000000047230
000000182217
000000491991
000000142034
000000380457
000000498081
000000395096
000000062942
000000312054
000000121235
000000129977
000000457474
000000541506
000000134620
000000054614
000000083260
000000359379
000000076571
000000418624
000000112562
000000478032
000000044463
000000271006
000000572937
000000039905
000000409126
000000333805
000000166637
000000229564
000000380729
000000047281
000000346544
000000217221
000000399235
000000370739
000000367335
000000161027
000000067752
000000067623
000000165169
000000078361
000000411253
000000047293
000000400000
000000372510
000000506545
000000306435
000000164183
000000241622
000000518355
000000469658
000000049553
000000050586
000000563711
000000290259
000000235536
000000253096
000000144453
000000116196
000000380959
000000011697
000000101476
000000279034
000000202523
000000088332
000000401235
000000307729
000000323813
000000355657
000000010759
000000019932
000000211963
000000271395
000000401847
000000211935
000000451211
000000307270
000000487655
000000517975
000000064953
000000211918
000000314718
000000262446
000000388820
000000322777
000000402980
000000185646
000000080928
000000545191
000000325444
000000535592
000000420372
000000457555
000000079628
000000104556
000000537772
000000040689
000000117514
000000186298
000000238345
000000514139
000000567847
000000004462
000000513075
000000199732
000000453533
000000383205
000000111388
000000357739
000000382552
000000570111
000000008564
000000568216
000000163897
000000442915
000000068125
000000396907
000000345880
000000233925
000000152038
000000263479
000000141304
000000235802
000000351252
000000545877
000000353607
000000265454
000000511665
000000338246
000000030484
000000553043
000000343156
000000436600
000000383645
000000330915
000000021374
000000455333
000000463270
000000382890
000000105522
000000231012
000000468097
000000032832
000000419439
000000491942
000000175121
000000509899
000000294005
000000287974
000000018439
000000019085
000000279222
000000122403
000000063888
000000573700
000000056033
000000183123
000000332655
000000339715
000000338210
000000372127
000000292498
000000168795
000000110740
000000117059
000000283700
000000453222
000000072282
000000162747
000000126973
000000428530
000000435623
000000104330
000000521772
000000176213
000000319299
000000542559
000000498510
000000055166
000000417701
000000521150
000000097982
000000084103
000000167133
000000227840
000000194542
000000464468
000000120276
000000379638
000000172023
000000507381
000000172211
000000175756
000000005700
000000297510
000000066325
000000010084
000000045543
000000478314
000000286204
000000116423
000000338497
000000570618
000000452343
000000114829
000000157596
000000361431
000000297304
000000183734
000000400593
000000281217
000000354853
000000277188
000000385675
000000246688
000000293720
000000209671
000000387512
000000487353
000000125859
000000266136
000000293966
000000502863
000000097777
000000404424
000000502620
000000078468
000000052802
000000400307
000000384698
000000224688
000000241955
000000362973
000000399837
000000126392
000000116652
000000220353
000000125377
000000578482
000000414106
000000032751
000000479949
000000007852
000000205270
000000136217
000000019647
000000045634
000000412525
000000417528
000000100244
000000234516
000000033146
000000564631
000000387267
000000494690
000000469457
000000052388
000000188902
000000158863
000000164390
000000208251
000000401231
000000219544
000000555355
000000407487
000000357800
000000338078
000000307352
000000472065
000000567065
000000361564
000000530834
000000508913
000000160311
000000346741
000000454174
000000052406
000000374897
000000414984
000000551050
000000215488
000000295398
000000289204
000000220782
000000547422
000000026497
000000030585
000000449721
000000095879
000000569079
000000263454
000000472656
000000015963
000000438025
000000476465
000000260740
000000467909
000000284925
000000072606
000000240967
000000051278
000000310242
000000008394
000000404110
000000060684
000000048441
000000389183
000000370149
000000205781
000000102863
000000450893
000000435839
000000389101
000000487783
000000041054
000000397479
000000393633
000000504099
000000024769
000000131952
000000379654
000000489276
000000044609
000000310693
000000363224
000000525248
000000551341
000000108156
000000228712
000000511706
000000248779
000000278706
000000021569
000000424694
000000569829
000000222928
000000009060
000000113812
000000047617
000000159707
000000253515
000000030519
000000260882
000000515196
000000231488
000000175017
000000272219
000000472896
000000163729
000000394065
000000267136
000000546708
000000312218
000000201126
000000333378
000000315404
000000197384
000000189805
000000057969
000000216579
000000573954
000000014073
000000327988
000000342132
000000340445
000000044937
000000213366
000000138572
000000395425
000000187732
000000457508
000000230000
000000189888
000000554756
000000535526
000000106241
000000096213
000000176442
000000044962
000000397892
000000467071
000000454078
000000013497
000000283530
000000141852
000000403263
000000285649
000000277331
000000310053
000000161019
000000362555
000000135372
000000416766
000000410969
000000383866
000000322560
000000042919
000000316471
000000048756
000000071409
000000180721
000000279264
000000462562
000000450212
000000071818
000000021964
000000010058
000000546074
000000121903
000000419383
000000515814
000000120462
000000108835
000000043609
000000331076
000000358266
000000320273
000000232755
000000320314
000000370790
000000361145
000000127054
000000111992
000000385295
000000023797
000000503059
000000178192
000000465153
000000292558
000000277544
000000553304
000000420819
000000578775
000000186685
000000405604
000000559618
000000441425
000000222990
000000369630
000000456310
000000177924
000000483628
000000257196
000000407975
000000552029
000000481039
000000158000
000000367106
000000426355
000000524286
000000303430
000000046114
000000117447
000000183163
000000526467
000000403329
000000494335
000000227497
000000356746
000000293975
000000074538
000000203767
000000122419
000000543183
000000321508
000000226211
000000164103
000000427745
000000433770
000000011694
000000494115
000000358291
000000459118
000000364485
000000275656
000000546517
000000568418
000000306593
000000381160
000000367899
000000178924
000000259217
000000544253
000000448580
000000344703
000000536603
000000462426
000000227891
000000122235
000000286787
000000572795
000000571886
000000263264
000000366527
000000020720
000000132104
000000193465
000000516668
000000004575
000000385743
000000187939
000000353206
000000363247
000000249111
000000553505
000000092344
000000075647
000000163185
000000128074
000000381261
000000260299
000000427152
000000264888
000000226913
000000150276
000000299463
000000432395
000000368706
000000319315
000000096268
000000406286
000000308825
000000342206
000000164751
000000430135
000000123646
000000524180
000000550353
000000260399
000000451803
000000406242
000000142534
000000221040
000000054892
000000417195
000000305422
000000030944
000000349234
000000394180
000000183980
000000168076
000000309679
000000371927
000000466967
000000012463
000000006428
000000144163
000000091113
000000416322
000000277161
000000144349
000000151170
000000154066
000000272490
000000167581
000000400623
000000576421
000000471139
000000247921
000000010476
000000108917
000000394481
000000111996
000000557678
000000405851
000000126956
000000388566
000000301039
000000346386
000000149556
000000017154
000000281280
000000009069
000000046731
000000555183
000000246794
000000369712
000000085483
000000053385
000000134532
000000499958
000000240661
000000418462
000000435210
000000233463
000000006422
000000266103
000000185200
000000260097
000000517699
000000320125
000000268389
000000070164
000000019665
000000567410
000000375751
000000259104
000000269749
000000137547
000000272837
000000138032
000000052357
000000369125
000000336660
000000297559
000000384197
000000220838
000000417006
000000265737
000000253675
000000127495
000000422343
000000279522
000000334109
000000514217
000000070491
000000561033
000000573518
000000236596
000000295688
000000225986
000000283632
000000299417
000000458483
000000530171
000000157634
000000456666
000000462224
000000496516
000000457723
000000553506
000000406366
000000324977
000000572165
000000234430
000000504608
000000329737
000000399353
000000027406
000000504486
000000192574
000000010907
000000530064
000000564990
000000029508
000000280799
000000383616
000000206791
000000500044
000000106383
000000248191
000000390844
000000472832
000000068620
000000338248
000000279060
000000495322
000000282855
000000378604
000000439995
000000061761
000000167395
000000354804
000000407289
000000414948
000000251191
000000239600
000000191806
000000449758
000000310140
000000230129
000000364288
000000071099
000000541324
000000441385
000000541004
000000097172
000000190927
000000322325
000000575354
000000542814
000000192266
000000252043
000000447204
000000396421
000000175871
000000494248
000000257617
000000547644
000000040274
000000541601
000000577623
000000332574
000000365927
000000404095
000000453857
000000161098
000000431708
000000542804
000000083884
000000529542
000000118399
000000326445
000000491448
000000099421
000000240227
000000529203
000000572859
000000391831
000000490535
000000077429
000000365351
000000144283
000000259721
000000342718
000000294934
000000364917
000000232116
000000145083
000000144161
000000277072
000000466132
000000070780
000000492924
000000350879
000000539553
000000530377
000000255224
000000225834
000000563411
000000136609
000000046025
000000219249
000000474019
000000449681
000000005095
000000217811
000000201770
000000466714
000000094884
000000101132
000000287025
000000257923
000000401822
000000324936
000000495884
000000214766
000000238152
000000333124
000000322191
000000068712
000000006647
000000171049
000000512892
000000229140
000000227451
000000504639
000000118299
000000014514
000000571535
000000371977
000000075802
000000226084
000000158569
000000572022
000000490042
000000338889
000000246499
000000273445
000000559162
000000280787
000000324130
000000223902
000000344408
000000572478
000000155849
000000373796
000000442394
000000367242
000000465163
000000193129
000000177609
000000342660
000000078071
000000082140
000000395627
000000027679
000000235366
000000110374
000000113112
000000426022
000000534130
000000256921
000000544371
000000497160
000000491579
000000419449
000000497698
000000291321
000000581882
000000088915
000000196255
000000549575
000000425135
000000203143
000000024294
000000534040
000000476489
000000189583
000000222829
000000140682
000000565788
000000042086
000000230687
000000573263
000000129995
000000381998
000000364176
000000380191
000000449387
000000230462
000000522105
000000236218
000000233537
000000169456
000000310833
000000042871
000000136299
000000308096
000000283996
000000343670
000000445392
000000038697
000000499728
000000090065
000000028914
000000571136
000000324334
000000100863
000000100744
000000409774
000000281427
000000122238
000000386799
000000514602
000000107013
000000476795
000000501435
000000564646
000000414723
000000030518
000000157087
000000417544
000000033182
000000279780
000000213546
000000161354
000000180160
000000329235
000000327191
000000438315
000000556356
000000149188
000000521298
000000521473
000000411350
000000251585
000000422041
000000037509
000000515287
000000548593
000000242020
000000318222
000000287039
000000408417
000000558287
000000032275
000000066767
000000203129
000000509839
000000402243
000000456070
000000115692
000000352884
000000392914
000000078800
000000503809
000000133426
000000116078
000000220428
000000513609
000000221459
000000575414
000000224273
000000508669
000000475033
000000018820
000000563404
000000179915
000000431426
000000002024
000000101074
000000287253
000000133273
000000033074
000000230403
000000483645
000000307030
000000316817
000000545440
000000208669
000000199598
000000536519
000000180503
000000321194
000000348146
000000019145
000000252608
000000127391
000000458836
000000427443
000000437575
000000429940
000000507840
000000570395
000000272385
000000214634
000000557197
000000544582
000000373678
000000344238
000000431501
000000389866
000000558380
000000206274
000000194908
000000359375
000000406926
000000134650
000000253492
000000013547
000000275335
000000034933
000000116393
000000134389
000000302618
000000535733
000000306499
000000039043
000000227241
000000510216
000000281034
000000471322
000000115087
000000385026
000000378923
000000455482
000000181104
000000336634
000000175390
000000323424
000000270747
000000173883
000000183352
000000315861
000000201903
000000019202
000000256833
000000257311
000000379409
000000492267
000000060196
000000277431
000000056980
000000050810
000000122952
000000066283
000000015400
000000237262
000000521351
000000343083
000000209176
000000323149
000000151619
000000551900
000000485193
000000131160
000000036728
000000198249
000000331982
000000573988
000000205915
000000495752
000000572310
000000198001
000000312153
000000445216
000000142187
000000556969
000000069952
000000033213
000000407559
000000335463
000000386762
000000511752
000000062216
000000406208
000000161836
000000094455
000000009353
000000414027
000000556706
000000205022
000000024434
000000301527
000000169377
000000417679
000000532753
000000378654
000000525035
000000237988
000000487770
000000201246
000000094632
000000004546
000000125305
000000206001
000000273304
000000423231
000000513210
000000069401
000000353937
000000383731
000000450493
000000315873
000000187801
000000397925
000000200749
000000451300
000000331198
000000157434
000000355054
000000035936
000000034608
000000203312
000000178491
000000194223
000000461690
000000052259
000000488764
000000393922
000000555065
000000238196
000000452251
000000426915
000000114149
000000495433
000000251032
000000187200
000000103276
000000389171
000000020104
000000239866
000000033813
000000136323
000000413574
000000466713
000000186552
000000183938
000000285710
000000452070
000000352523
000000448812
000000056193
000000374725
000000168848
000000205996
000000257813
000000466484
000000125263
000000049611
000000410815
000000483424
000000122950
000000076627
000000237271
000000117765
000000277867
000000249200
000000007455
000000506832
000000324877
000000085888
000000204461
000000194159
000000096716
000000359687
000000002244
000000272613
000000301077
000000152070
000000409027
000000100926
000000093114
000000019349
000000105330
000000455311
000000025121
000000336357
000000119608
000000129921
000000315645
000000522280
000000493849
000000558055
000000421996
000000129313
000000324989
000000491801
000000353204
000000026376
000000203035
000000393033
000000143110
000000060820
000000509986
000000255525
000000335766
000000357641
000000468287
000000093007
000000193756
000000150920
000000038079
000000501773
000000102929
000000358915
000000534001
000000269664
000000577608
000000354545
000000378155
000000376870
000000099790
000000095903
000000146533
000000570486
000000074984
000000384412
000000295556
000000020255
000000054966
000000023249
000000556409
000000306433
000000439502
000000473182
000000335888
000000133048
000000477295
000000504488
000000005088
000000172537
000000194722
000000242153
000000473352
000000377254
000000147170
000000433084
000000305569
000000487144
000000480447
000000232277
000000324567
000000335902
000000206975
000000054308
000000373548
000000013714
000000449697
000000183360
000000267568
000000326559
000000088398
000000323208
000000237699
000000365316
000000538001
000000442556
000000239559
000000368293
000000521711
000000094145
000000214523
000000062193
000000271791
000000268642
000000163579
000000023444
000000367716
000000410915
000000366085
000000441738
000000344945
000000485025
000000444769
000000513520
000000176680
000000234847
000000554703
000000477390
000000056572
000000466529
000000442181
000000471455
000000422818
000000321373
000000441232
000000553813
000000161277
000000390352
000000110681
000000132432
000000032846
000000468920
000000104449
000000349044
000000557659
000000286058
000000266652
000000112207
000000550783
000000158485
000000010716
000000426983
000000404165
000000242001
000000066127
000000019863
000000246700
000000126817
000000283502
000000578588
000000307554
000000547387
000000349875
000000388726
000000102459
000000343559
000000215521
000000184101
000000286254
000000163975
000000433733
000000102322
000000036207
000000449098
000000246923
000000517230
000000095778
000000566893
000000407671
000000248836
000000437276
000000283757
000000293340
000000240478
000000404046
000000342843
000000045493
000000476443
000000078384
000000311025
000000253222
000000269168
000000057586
000000269718
000000285450
