000000164388
000000206860
000000343193
000000192266
000000167894
000000519381
000000506388
000000557660
000000337290
000000342797
000000520091
000000510047
000000014160
000000033532
000000510718
000000191136
000000362365
000000026800
000000299205
000000224055
000000119460
000000321014
000000504271
000000086840
000000035485
000000529050
000000373796
000000451919
000000350639
000000125298
000000555107
000000485613
000000462454
000000427975
000000519089
000000037527
000000377672
000000130437
000000435473
000000306506
000000240911
000000422268
000000147333
000000422434
000000228994
000000116502
000000266336
000000558055
000000364917
000000342122
000000422818
000000208243
000000353400
000000411881
000000355054
000000325646
000000325600
000000078087
000000479936
000000240976
000000351553
000000563380
000000567407
000000022274
000000188276
000000118550
000000045471
000000074537
000000448529
000000465892
000000193094
000000249791
000000503077
000000092344
000000007855
000000333823
000000183352
000000426022
000000500945
000000511138
000000524977
000000146751
000000257729
000000380072
000000576859
000000007677
000000152106
000000257617
000000010547
000000340259
000000306407
000000475372
000000163615
000000133636
000000534094
000000046025
000000482071
000000400623
000000478415
000000507266
000000080788
000000417891
000000424208
000000179656
000000245662
000000174511
000000451987
000000103902
000000391371
000000237142
000000055432
000000008245
000000238201
000000572121
000000518110
000000008761
000000074937
000000234883
000000298924
000000486968
000000333710
000000260893
000000203748
000000266360
000000110611
000000464629
000000315805
000000577744
000000289712
000000091080
000000040551
000000479909
000000434723
000000098549
000000436319
000000003823
000000481504
000000508818
000000182755
000000168769
000000557197
000000356645
000000566174
000000392624
000000001647
000000221199
000000082346
000000263845
000000539129
000000573791
000000227241
000000384883
000000558966
000000226897
000000542814
000000569773
000000325380
000000425817
000000183266
000000029180
000000451896
000000241599
000000108210
000000034689
000000118644
000000181104
000000235034
000000531171
000000149602
000000059528
000000334234
000000571136
000000257270
000000220629
000000434264
000000215709
000000198836
000000256921
000000032275
000000391652
000000015576
000000013616
000000137591
000000074336
000000102171
000000475725
000000073276
000000293341
000000363247
000000341801
000000040274
000000257894
000000255224
000000168289
000000271068
000000066700
000000278394
000000404702
000000202783
000000273068
000000565608
000000211431
000000266623
000000581731
000000030484
000000141053
000000402364
000000552979
000000476936
000000501855
000000434066
000000213219
000000578016
000000453138
000000439423
000000364705
000000093531
000000010964
000000030408
000000069860
000000400045
000000574492
000000091784
000000478518
000000471932
000000554471
000000158306
000000047544
000000361564
000000042696
000000232852
000000295765
000000273874
000000065325
000000016701
000000328581
000000363205
000000483553
000000121875
000000501227
000000539198
000000013715
000000317672
000000255006
000000106875
000000197384
000000140758
000000533179
000000333846
000000498165
000000535399
000000424297
000000179696
000000301549
000000268081
000000452585
000000239736
000000526680
000000238304
000000353906
000000320616
000000247311
000000292419
000000268986
000000374333
000000544719
000000076014
000000312786
000000122918
000000553660
000000004647
000000465347
000000107954
000000344703
000000061139
000000296283
000000319616
000000270747
000000045356
000000120818
000000468670
000000508015
000000536592
000000512316
000000542077
000000402362
000000260899
000000542548
000000410110
000000526042
000000369721
000000200978
000000243574
000000370808
000000487274
000000263512
000000371453
000000308210
000000504988
000000045406
000000366174
000000508567
000000542342
000000400235
000000491113
000000021374
000000177618
000000297559
000000063888
000000560580
000000553304
000000052938
000000357510
000000311424
000000008418
000000537422
000000027844
000000516990
000000575356
000000321119
000000164830
000000097260
000000500058
000000064303
000000074060
000000269380
000000546228
000000438481
000000005253
000000130130
000000577552
000000391000
000000483849
000000382558
000000015274
000000272132
000000466047
000000263735
000000078703
000000230417
000000574592
000000533826
000000305549
000000272758
000000446763
000000092957
000000023450
000000194362
000000067004
000000174771
000000351976
000000208164
000000221985
000000562930
000000482774
000000418637
000000439356
000000164066
000000472700
000000268641
000000581437
000000205572
000000252213
000000315209
000000463140
000000470808
000000092187
000000126983
000000464845
000000176178
000000406368
000000395531
000000413290
000000043438
000000499842
000000459218
000000128373
000000212322
000000562106
000000339186
000000203767
000000132554
000000159449
000000526464
000000472832
000000578009
000000278732
000000115763
000000401124
000000473588
000000351034
000000489649
000000499982
000000091844
000000343325
000000531349
000000562846
000000338826
000000375869
000000028116
000000029104
000000292845
000000013547
000000165874
000000381832
000000482775
000000002178
000000002024
000000133503
000000504999
000000009945
000000521772
000000343248
000000569325
000000551542
000000276706
000000206161
000000315873
000000072051
000000206077
000000290967
000000266655
000000548559
000000014453
000000417804
000000302869
000000074132
000000314203
000000245272
000000335037
000000465163
000000451803
000000296560
000000219169
000000112440
000000338889
000000324877
000000456942
000000488539
000000186508
000000143339
000000349609
000000442556
000000526966
000000504167
000000234341
000000112250
000000128912
000000372458
000000472557
000000210839
000000356007
000000162596
000000284148
000000511495
000000509587
000000521644
000000004319
000000071549
000000274239
000000053691
000000280450
000000240478
000000567535
000000580200
000000015400
000000521236
000000197915
000000436162
000000327328
000000422221
000000015190
000000521634
000000214250
000000199196
000000189351
000000315273
000000048848
000000282987
000000059114
000000485550
000000570349
000000230226
000000371348
000000042333
000000271897
000000233463
000000461278
000000255582
000000275817
000000331354
000000126794
000000395557
000000144224
000000349690
000000341424
000000372246
000000532833
000000331490
000000338363
000000222958
000000082229
000000105194
000000263288
000000194372
000000336302
000000186552
000000422887
000000137999
000000445638
000000279578
000000196291
000000196852
000000482907
000000465069
000000095822
000000166993
000000485891
000000526079
000000181132
000000573709
000000493438
000000165426
000000083884
000000279060
000000080960
000000167510
000000026174
000000342004
000000244878
000000289987
000000240967
000000243313
000000508814
000000433994
000000304608
000000008646
000000069236
000000034196
000000144655
000000390291
000000281180
000000222608
000000507992
000000000071
000000380475
000000574922
000000110982
000000375691
000000467071
000000004428
000000303365
000000124709
000000071589
000000335799
000000545375
000000511998
000000279850
000000333181
000000037322
000000337415
000000410992
000000227779
000000466005
000000396494
000000129942
000000088257
000000210453
000000134532
000000136609
000000492683
000000341874
000000345134
000000291039
000000160930
000000280787
000000397276
000000453857
000000388374
000000222857
000000357255
000000332113
000000502717
000000297439
000000434943
000000406328
000000044860
000000015870
000000456420
000000061034
000000109246
000000406275
000000219158
000000410320
000000004132
000000429887
000000205693
000000002244
000000576084
000000551170
000000554642
000000290678
000000118302
000000309872
000000514269
000000057586
000000436611
000000327337
000000546531
000000226059
000000237131
000000252359
000000204721
000000108531
000000178388
000000282790
000000554410
000000538922
000000268728
000000204714
000000430394
000000486541
000000156784
000000207026
000000007936
000000482696
000000485406
000000063408
000000366724
000000417588
000000304815
000000409646
000000503541
000000302932
000000320857
000000416931
000000349044
000000061395
000000367011
000000408263
000000196793
000000341227
000000487025
000000044928
000000258792
000000048993
000000094890
000000534141
000000421875
000000016677
000000529083
000000505976
000000532181
000000523505
000000315645
000000408248
000000194419
000000496531
000000211771
000000038561
000000407349
000000006945
000000188733
000000552016
000000465926
000000508955
000000179876
000000529542
000000105601
000000494970
000000355057
000000156999
000000231326
000000376493
000000448425
000000340988
000000458950
000000330229
000000169154
000000411931
000000005174
000000136905
000000153697
000000269088
000000291321
000000347233
000000049586
000000381332
000000315427
000000033182
000000410168
000000175775
000000472841
000000118399
000000431872
000000477718
000000477679
000000267571
000000387875
000000403936
000000172654
000000386958
000000294890
000000494003
000000473647
000000001942
000000029287
000000030114
000000339355
000000370652
000000482485
000000183848
000000186950
000000271680
000000394659
000000228388
000000054572
000000421069
000000221949
000000481281
000000425219
000000190572
000000308641
000000193972
000000295270
000000011926
000000402833
000000572347
000000285258
000000361119
000000397390
000000053304
000000552295
000000362480
000000333365
000000281774
000000188725
000000491662
000000127726
000000411277
000000358442
000000167395
000000485333
000000575486
000000369722
000000502024
000000339529
000000232005
000000166522
000000239772
000000367809
000000545611
000000122419
000000183237
000000378012
000000253222
000000127622
000000029697
000000233075
000000013876
000000277622
000000265589
000000241483
000000100244
000000305431
000000024744
000000084929
000000372759
000000365265
000000141477
000000095213
000000027452
000000163579
000000352498
000000295197
000000051487
000000239252
000000071411
000000068958
000000208310
000000454372
000000475042
000000410603
000000371927
000000519113
000000098008
000000348494
000000240288
000000183071
000000245206
000000342942
000000336987
000000225537
000000534901
000000138092
000000167994
000000442210
000000535046
000000435048
000000059218
000000331093
000000084463
000000292662
000000353206
000000577608
000000231408
000000581674
000000082597
000000244666
000000322164
000000574720
000000399212
000000495322
000000429949
000000245135
000000411436
000000022309
000000551559
000000024036
000000534130
000000050667
000000379477
000000271063
000000016410
000000534074
000000156834
000000099321
000000056886
000000203937
000000115151
000000520112
000000318405
000000581253
000000231060
000000017154
000000068866
000000544279
000000308167
000000326035
000000363639
000000046104
000000267583
000000532852
000000100744
000000150413
000000457726
000000529795
000000112739
000000553097
000000052773
000000132262
000000078982
000000365231
000000163715
000000548528
000000458778
000000033131
000000154423
000000510216
000000128417
000000185632
000000090106
000000220453
000000048795
000000310867
000000391689
000000369250
000000429228
000000220621
000000238655
000000365819
000000382584
000000510243
000000505487
000000162043
000000360165
000000556112
000000295201
000000286787
000000470113
000000421283
000000289583
000000237684
000000211386
000000178192
000000103897
000000443701
000000089072
000000074538
000000108917
000000534659
000000046068
000000230687
000000276015
000000329030
000000146098
000000386298
000000273979
000000191320
000000125643
000000398304
000000518933
000000099790
000000306593
000000252745
000000482514
000000082480
000000250855
000000232116
000000462872
000000193410
000000309267
000000088634
000000497698
000000135411
000000575652
000000533979
000000251283
000000258509
000000067752
000000151922
000000531499
000000551214
000000164850
000000431708
000000167467
000000178810
000000048682
000000035478
000000012416
000000106896
000000396194
000000460156
000000555355
000000033931
000000479711
000000377115
000000193465
000000139426
000000432577
000000299568
000000457683
000000221651
000000413287
000000571973
000000328921
000000342085
000000058329
000000086071
000000163185
000000427083
000000018888
000000491510
000000001625
000000576212
000000553813
000000301413
000000346702
000000016784
000000234357
000000543447
000000358020
000000360701
000000580975
000000026547
000000319848
000000546242
000000481772
000000099283
000000359086
000000162598
000000101074
000000425788
000000301749
000000454979
000000393126
000000073916
000000085940
000000343821
000000241832
000000237611
000000524263
000000032639
000000066660
000000325668
000000159962
000000489645
000000382692
000000081117
000000566146
000000221700
000000030911
000000410350
000000446603
000000299024
000000151345
000000277070
000000210425
000000132432
000000216520
000000403837
000000464018
000000322325
000000091113
000000140122
000000420819
000000173532
000000190884
000000577934
000000306421
000000215781
000000274792
000000207733
000000489266
000000473767
000000553233
000000318730
000000225667
000000368645
000000111103
000000405683
000000242345
000000494453
000000516668
000000374649
000000208043
000000401327
000000128907
000000043369
000000204806
000000122458
000000500507
000000393159
000000130909
000000349621
000000435210
000000132104
000000189966
000000235430
000000197805
000000040796
000000335851
000000520343
000000030529
000000051685
000000019863
000000296098
000000260206
000000414102
000000404753
000000490702
000000218312
000000364842
000000497160
000000188001
000000300644
000000509269
000000327896
000000234794
000000520674
000000187514
000000178017
000000331085
000000164170
000000137803
000000525607
000000072664
000000574207
000000214109
000000560750
000000366455
000000496264
000000298132
000000336172
000000431573
000000039468
000000032704
000000377853
000000417195
000000576701
000000565765
000000502495
000000578114
000000129313
000000489510
000000406000
000000072602
000000464263
000000070271
000000322125
000000290524
000000260299
000000167342
000000467959
000000466714
000000057699
000000112320
000000274731
000000326369
000000188514
000000425831
000000435988
000000480734
000000050624
000000280257
000000254479
000000239668
000000265096
000000063353
000000542502
000000329124
000000026731
000000200857
000000235517
000000087217
000000102929
000000096991
000000459374
000000401821
000000234084
000000438556
000000299722
000000145480
000000317763
000000356817
000000444912
000000145266
000000016009
000000200615
000000116252
000000441013
000000550353
000000254296
000000243873
000000463619
000000508151
000000106034
000000502279
000000206542
000000165034
000000187025
000000404783
000000370537
000000239997
000000416322
000000427068
000000184745
000000368780
000000018496
000000022409
000000083013
000000487236
000000273205
000000093098
000000027658
000000066734
000000135322
000000482877
000000517719
000000268777
000000023274
000000344894
000000471439
000000574908
000000521881
000000229052
000000411184
000000545959
000000272384
000000156125
000000326658
000000244613
000000380305
000000261918
000000142201
000000279780
000000484715
000000127072
000000073823
000000069510
000000162216
000000023541
000000146700
000000279522
000000319117
000000204085
000000211493
000000193129
000000160108
000000573896
000000294267
000000460290
000000476331
000000203175
000000075576
000000103358
000000364656
000000485343
000000465868
000000470780
000000000326
000000053503
000000406196
000000230094
000000267697
000000155457
000000497350
000000385302
000000006270
000000514519
000000374947
000000444015
000000543957
000000185930
000000442181
000000162763
000000485890
000000318442
000000293340
000000366955
000000581338
000000530461
000000216206
000000138556
000000316553
000000502425
000000485002
000000472639
000000427632
000000441245
000000316817
000000143533
000000214990
000000543872
000000065072
000000403107
000000291932
000000313666
000000224701
000000569389
000000557135
000000293931
000000210957
000000257959
000000223836
000000368293
000000135038
000000041455
000000530629
000000016119
000000137547
000000281564
000000484762
000000349376
000000236574
000000192053
000000257923
000000580671
000000446894
000000306135
000000545834
000000282855
000000454956
000000084165
000000420052
000000509819
000000029508
000000253335
000000205121
000000526565
000000007239
000000494085
000000224874
000000265619
000000526735
000000104191
000000557848
000000399235
000000127491
000000180889
000000077123
000000494041
000000168217
000000046898
000000343953
000000397486
000000576040
000000452162
000000336901
000000526721
000000083045
000000308085
000000174474
000000432201
000000011269
000000170309
000000154037
000000134113
000000017328
000000248457
000000369630
000000012883
000000561818
000000333090
000000070502
000000083147
000000227451
000000555356
000000536067
000000365572
000000574834
000000329535
000000568005
000000528154
000000039012
000000421655
000000303140
000000200772
000000362659
000000407768
000000410123
000000571786
000000345658
000000514060
000000204969
000000500699
000000168848
000000483352
000000106293
000000531710
000000231630
000000415239
000000225519
000000564043
000000281599
000000353384
000000213060
000000043876
000000134951
000000024721
000000563404
000000462953
000000296225
000000021097
000000348499
000000332574
000000520235
000000347976
000000524062
000000511853
000000102466
000000386973
000000295819
000000455010
000000493720
000000418462
000000408258
000000267476
000000144305
000000199203
000000470613
000000333605
000000229419
000000461750
000000093007
000000425825
000000302484
000000022747
000000258727
000000308555
000000316229
000000458891
000000315488
000000041226
000000191117
000000321935
000000511146
000000109588
000000252043
000000011299
000000534168
000000205679
000000439827
000000418958
000000087481
000000408815
000000195840
000000063820
000000577795
000000001709
000000162898
000000252915
000000347354
000000163306
000000004575
000000065047
000000212138
000000254033
000000522280
000000188747
000000410657
000000572022
000000353607
000000394814
000000076329
000000186518
000000451621
000000055840
000000225533
000000541004
000000207931
000000336414
000000033445
000000178078
000000523195
000000288707
000000311104
000000267840
000000033581
000000521884
000000233256
000000435750
000000137777
000000379487
000000155884
000000015073
000000229884
000000389542
000000209320
000000546620
000000374164
000000379869
000000331349
000000316132
000000461998
000000409394
000000044240
000000373024
000000262900
000000580390
000000506900
000000445103
000000115652
000000159888
000000283403
000000055285
000000181680
000000158977
000000321307
000000084449
000000090570
000000407289
000000570586
000000198921
000000107979
000000068620
000000377709
000000437958
000000491801
000000570111
000000381261
000000533678
000000079530
000000485799
000000567637
000000520802
000000352264
000000540245
000000081354
000000201770
000000478742
000000211410
000000478287
000000120524
000000452872
000000502178
000000256734
000000492303
000000236312
000000581033
000000519112
000000262009
000000367893
000000340238
000000328607
000000471139
000000391933
000000329711
000000264923
000000511103
000000183811
000000069750
000000322726
000000480036
000000575199
000000503416
000000173695
000000366459
000000398349
000000498100
000000411845
000000075565
000000369156
000000531334
000000101620
000000171419
000000463605
000000358081
000000204138
000000491448
000000263482
000000489187
000000058232
000000577091
000000174417
000000038652
000000177420
000000194089
000000218844
000000053838
000000296330
000000041027
000000549276
000000444453
000000201270
000000070351
000000023487
000000056852
000000458221
000000580951
000000291655
000000440003
000000006964
000000267586
000000268855
000000443373
000000117418
000000437599
000000547644
000000231488
000000066761
000000287496
000000326716
000000443649
000000298141
000000420831
000000231071
000000059108
000000269142
000000265826
000000070187
000000401822
000000163759
000000324442
000000561152
000000565321
000000216098
000000170425
000000291560
000000286662
000000176283
000000551873
000000032105
000000401393
000000134194
000000557227
000000579621
000000422343
000000434200
000000225312
000000325523
000000477847
000000457656
000000150902
000000196255
000000174868
000000437547
000000030518
000000205102
000000049096
000000170017
000000577512
000000564074
000000557771
000000416405
000000267416
000000160560
000000334911
000000505082
000000563168
000000081116
000000009041
000000401526
000000353461
000000353605
000000447090
000000096157
000000041826
000000517805
000000110642
000000540863
000000308168
000000054229
000000544614
000000184184
000000153126
000000494383
000000338474
000000209539
000000514241
000000072203
000000581423
000000074002
000000019349
000000195810
000000375128
000000249666
000000487228
000000158000
000000313082
000000416639
000000469834
000000284056
000000343863
000000395053
000000307995
000000258000
000000037157
000000245049
000000174258
000000361527
000000220665
000000379312
000000184771
000000498409
000000017923
000000311629
000000018183
000000298461
000000102066
000000093736
000000575648
000000507881
000000357700
000000062540
000000520524
000000319912
000000440015
000000037513
000000243031
000000147616
000000451758
000000403525
000000553184
000000216952
000000340160
000000469816
000000390844
000000282150
000000083219
000000398350
000000474019
000000515843
000000014681
000000578775
000000334774
000000069205
000000203822
000000018291
000000365980
000000001674
000000039814
000000261870
000000445446
000000080562
000000202499
000000076988
000000566126
000000438315
000000422599
000000081862
000000011323
000000446882
000000074573
000000278303
000000456666
000000471691
000000496485
000000459164
000000554744
000000151537
000000094663
000000544371
000000319163
000000073496
000000472392
000000069087
000000426049
000000524834
000000233558
000000319360
000000528664
000000189836
000000516732
000000209816
000000032102
000000041082
000000346386
000000203463
000000250239
000000569656
000000087720
000000208418
000000097159
000000247921
000000240511
000000182683
000000453319
000000153591
000000162767
000000363321
000000495752
000000295195
000000522225
000000436559
000000422878
000000305208
000000360665
000000503826
000000540664
000000476873
000000476120
000000012923
000000050760
000000255706
000000489099
000000295823
000000222424
000000577416
000000076652
000000282841
000000507273
000000343692
000000155707
000000366591
000000185079
000000093014
000000080782
000000456204
000000289264
000000343229
000000214816
000000044425
000000047492
000000373022
000000160452
000000251379
000000337403
000000314277
000000456070
000000196699
000000396663
000000195017
000000509217
000000010136
000000116043
000000410482
000000007931
000000251366
000000337546
000000404292
000000565648
000000528587
000000390179
000000100468
000000455974
000000569538
000000417006
000000135367
000000328808
000000020915
000000282808
000000357587
000000123456
000000282238
000000099317
000000521125
000000119608
000000176912
000000254100
000000373521
000000088846
000000513434
000000431492
000000129890
000000063309
000000318561
000000417160
000000071492
000000046112
000000323100
000000548768
000000315960
000000300439
000000470333
000000359678
000000023759
000000074434
000000409027
000000529376
000000576464
000000473972
000000374897
000000264870
000000306222
000000552585
000000570395
000000380634
000000441876
000000184330
000000232596
000000168010
000000438093
000000509350
000000431948
000000196313
000000552837
000000343670
000000054262
000000030805
000000456200
000000327849
000000283043
000000518180
000000353072
000000548965
000000491579
000000181135
000000111807
000000161557
000000516214
000000147556
000000322350
000000056878
000000171317
000000379310
000000161169
000000327038
000000555365
000000564629
000000106624
000000376269
000000496632
000000189583
000000570394
000000082324
000000149660
000000542402
000000010759
000000254228
000000531797
000000027463
000000360673
000000323868
000000093030
000000192273
000000277072
000000518716
000000542488
000000154585
000000070491
000000296511
000000298644
000000479469
000000530212
000000242286
000000009069
000000445601
000000389283
000000528541
000000398884
000000259616
000000534058
000000345209
000000223816
000000434502
000000274398
000000396421
000000472874
000000156039
000000574051
000000221916
000000253261
000000306383
000000337505
000000549122
000000506224
000000088899
000000201723
000000032416
000000183756
000000487137
000000334477
000000331097
000000129859
000000009673
000000485422
000000327549
000000151092
000000334938
000000278043
000000142130
000000566724
000000315909
000000166356
000000140210
000000213113
000000517699
000000420366
000000322097
000000089849
000000324914
000000053696
000000227468
000000514369
000000245112
000000435363
000000359762
000000328373
000000517472
000000537074
000000458836
000000117454
000000076159
000000084591
000000220182
000000365205
000000128812
000000529117
000000076293
000000516432
000000051550
000000073774
000000420290
000000043464
000000399220
000000143386
000000406595
000000158020
000000532285
000000361830
000000500130
000000537145
000000332943
000000011694
000000505371
000000015802
000000136849
000000250365
000000174672
000000499302
000000544094
000000083090
000000112747
000000118413
000000310325
000000006871
000000075076
000000254841
000000485843
000000104270
000000040087
000000460576
000000411187
000000528800
000000425187
000000056036
000000211485
000000262677
000000417594
000000524186
000000152526
000000137678
000000101132
000000410016
000000213158
000000246478
000000284867
000000281617
000000537939
000000112989
000000505933
000000485462
000000558436
000000114363
000000206528
000000291941
000000391674
000000109907
000000272673
000000217864
000000084548
000000330084
000000535977
000000488553
000000388658
000000580766
000000442146
000000562205
000000442659
000000265344
000000409092
000000203179
000000100008
000000133464
000000065523
000000374999
000000449758
000000078720
000000134346
000000528049
000000441034
000000357461
000000030307
000000116295
000000031437
000000138148
000000223996
000000257497
000000234769
000000000775
000000378327
000000378867
000000451648
000000289968
000000551875
000000542804
000000313738
000000341035
000000062160
000000441296
000000050151
000000113413
000000318311
000000160771
000000044718
000000287285
000000411941
000000257993
000000192755
000000414750
000000251191
000000333245
000000551692
000000243967
000000487098
000000227218
000000445906
000000090051
000000551607
000000397322
000000141108
000000336357
000000066839
000000337815
000000211013
000000071241
000000183835
000000152987
000000500712
000000157669
000000316429
000000493500
000000427036
000000385185
000000069770
000000191444
000000556120
000000568640
000000212877
000000556540
000000286450
000000531324
000000443308
000000183971
000000189063
000000561128
000000426355
000000432619
000000476055
000000083639
000000251591
000000132972
000000360205
000000368117
000000012281
000000342932
000000442557
000000325654
000000279877
000000212688
000000355123
000000463406
000000327176
000000053385
000000298112
000000090818
000000494439
000000492299
000000248310
000000502311
000000131067
000000302588
000000399829
000000193034
000000224388
000000048066
000000229324
000000578964
000000375361
000000508292
000000240918
000000294813
000000349393
000000079472
000000079696
000000479427
000000319315
000000261679
000000396784
000000578902
000000368706
000000210144
000000084291
000000145073
000000525170
000000112482
000000513127
000000205193
000000278899
000000008531
000000389793
000000505093
000000175584
000000389677
000000179102
000000079768
000000288465
000000536280
000000185620
000000171120
000000514271
000000143334
000000007729
000000501515
000000450741
000000426510
000000326936
000000413346
000000341385
000000279941
000000087697
000000419449
000000450777
000000550066
000000368637
000000085483
000000462244
000000019304
000000115643
000000167955
000000071965
000000185917
000000574280
000000173644
000000388469
000000226071
000000118885
000000408445
000000263264
000000311232
000000168355
000000182849
000000356299
000000446372
000000451940
000000131170
000000427239
000000325470
000000449274
000000460646
000000131015
000000502877
000000530863
000000083000
000000465856
000000212203
000000006658
000000441738
000000350073
000000141232
