000000234794
000000242940
000000420627
000000293228
000000473153
000000207675
000000509185
000000515565
000000117725
000000521549
000000010039
000000510299
000000162495
000000366330
000000215408
000000449038
000000498804
000000418757
000000312951
000000133195
000000330720
000000513497
000000272080
000000563311
000000218587
000000367452
000000026183
000000414711
000000535997
000000499423
000000011334
000000445537
000000539951
000000232905
000000445638
000000145093
000000131504
000000271970
000000132861
000000368821
000000564123
000000547106
000000262522
000000230226
000000234697
000000455325
000000561620
000000359203
000000220171
000000032992
000000038732
000000167095
000000118507
000000075857
000000543118
000000503983
000000165771
000000084168
000000416125
000000128373
000000022660
000000296730
000000176034
000000448697
000000092488
000000553588
000000447758
000000450452
000000548930
000000520956
000000500446
000000359148
000000011721
000000577355
000000130651
000000336579
000000536294
000000457558
000000492472
000000362159
000000452308
000000558594
000000002621
000000362521
000000304240
000000382699
000000376187
000000151558
000000144167
000000059458
000000372433
000000083331
000000024851
000000396811
000000181007
000000099984
000000041119
000000116295
000000049994
000000272610
000000471118
000000487299
000000548464
000000411845
000000494404
000000128907
000000170550
000000168455
000000267840
000000430473
000000284860
000000151922
000000367843
000000498010
000000427876
000000197335
000000072050
000000112329
000000538828
000000345275
000000222494
000000568110
000000580029
000000571504
000000143174
000000079836
000000145700
000000328041
000000438481
000000221737
000000541631
000000134863
000000148909
000000577417
000000126046
000000064425
000000311068
000000053139
000000260232
000000486164
000000020796
000000219014
000000447842
000000160025
000000425690
000000420852
000000097659
000000135319
000000206290
000000063309
000000404781
000000507362
000000322824
000000000699
000000455170
000000227125
000000071850
000000120905
000000167422
000000479195
000000333826
000000440354
000000052005
000000040087
000000332113
000000345535
000000404618
000000463303
000000022649
000000027658
000000439969
000000407072
000000331024
000000339469
000000071857
000000146451
000000192763
000000418002
000000469721
000000264940
000000004760
000000220621
000000084200
000000015862
000000268641
000000318224
000000247609
000000066510
000000290002
000000278375
000000025809
000000262677
000000313888
000000035012
000000071965
000000066508
000000431573
000000279387
000000181742
000000089395
000000492163
000000373753
000000359843
000000331223
000000551170
000000097767
000000427956
000000129592
000000112928
000000531970
000000552156
000000348648
000000544644
000000429802
000000117079
000000022113
000000386958
000000229385
000000054011
000000117792
000000427376
000000440559
000000410437
000000208318
000000079924
000000021671
000000147537
000000183348
000000075173
000000391674
000000154607
000000038772
000000424744
000000150875
000000325152
000000029406
000000377406
000000120831
000000113128
000000500559
000000056624
000000025660
000000474188
000000183187
000000018888
000000106901
000000399091
000000086835
000000418933
000000465092
000000214109
000000046144
000000571531
000000282871
000000545293
000000042387
000000385781
000000285325
000000404988
000000540782
000000182401
000000549965
000000069236
000000249443
000000062500
000000403907
000000163339
000000079490
000000018485
000000258529
000000182179
000000195648
000000391371
000000145284
000000388290
000000286591
000000371155
000000136464
000000334311
000000364439
000000151005
000000131965
000000489920
000000380906
000000156466
000000211175
000000397109
000000081897
000000215826
000000576927
000000096991
000000165919
000000270381
000000003217
000000581180
000000210988
000000182403
000000333106
000000273772
000000221666
000000417586
000000014869
000000454348
000000383026
000000111988
000000036331
000000196852
000000442952
000000333504
000000252986
000000189782
000000057917
000000262347
000000387388
000000321217
000000436138
000000005820
000000417957
000000112867
000000419558
000000189245
000000257673
000000193369
000000237459
000000084389
000000298722
000000562834
000000330750
000000574392
000000405660
000000282808
000000013876
000000192153
000000459136
000000075076
000000167155
000000303365
000000028826
000000532463
000000147293
000000576941
000000067868
000000215693
000000222053
000000401124
000000025430
000000320893
000000048795
000000354369
000000541086
000000233997
000000197792
000000019306
000000381832
000000542211
000000350988
000000568529
000000157067
000000295270
000000201993
000000319127
000000170960
000000423508
000000302572
000000228825
000000137634
000000411313
000000389340
000000451172
000000461092
000000474711
000000094663
000000306303
000000279596
000000351938
000000183884
000000522301
000000177419
000000083452
000000310711
000000244235
000000279154
000000186322
000000338826
000000476873
000000413475
000000391321
000000404229
000000415964
000000163012
000000266115
000000271240
000000391347
000000473171
000000535242
000000453626
000000136411
000000085529
000000451621
000000372246
000000136400
000000117368
000000053229
000000221820
000000255135
000000286361
000000495014
000000200324
000000259728
000000101096
000000180095
000000357841
000000068993
000000575633
000000181132
000000573527
000000452566
000000454232
000000227134
000000465550
000000334658
000000388873
000000206300
000000219897
000000417606
000000529777
000000457133
000000393583
000000205625
000000260257
000000482233
000000243027
000000537389
000000478250
000000006091
000000234463
000000122589
000000496268
000000151393
000000503196
000000320203
000000017613
000000268396
000000402313
000000424293
000000445972
000000473260
000000197090
000000477741
000000202329
000000578977
000000133131
000000088652
000000448053
000000496531
000000321308
000000158952
000000493682
000000494122
000000340654
000000487551
000000273188
000000013333
000000110626
000000044520
000000189427
000000293782
000000268755
000000568425
000000386633
000000028982
000000114327
000000167964
000000304929
000000518530
000000203846
000000094025
000000182469
000000289889
000000005635
000000407990
000000167510
000000553678
000000301262
000000066263
000000242869
000000361830
000000233963
000000116291
000000410932
000000170017
000000374947
000000523819
000000494473
000000519555
000000575909
000000302242
000000347612
000000322845
000000050360
000000256552
000000305035
000000390685
000000145073
000000015802
000000541887
000000266712
000000147915
000000119965
000000417159
000000507326
000000076149
000000466449
000000459987
000000385535
000000038321
000000267184
000000082921
000000432843
000000573406
000000167894
000000089614
000000372471
000000329806
000000066711
000000317441
000000149376
000000530860
000000539768
000000344439
000000417716
000000199257
000000567801
000000405213
000000239980
000000460156
000000015566
000000260307
000000001779
000000100087
000000140456
000000325391
000000567077
000000279081
000000251736
000000490153
000000560235
000000190323
000000423256
000000453390
000000178810
000000451014
000000118956
000000495379
000000018191
000000356181
000000228541
000000380932
000000446218
000000125643
000000416405
000000034847
000000076962
000000516540
000000173125
000000552761
000000430583
000000278570
000000059108
000000216083
000000375128
000000211487
000000428125
000000440729
000000435703
000000467484
000000086840
000000198811
000000169849
000000029648
000000164420
000000302089
000000005437
000000240800
000000458950
000000092187
000000370678
000000473728
000000211653
000000407457
000000074573
000000544094
000000348584
000000548528
000000467062
000000251379
000000423935
000000335885
000000169097
000000164830
000000333605
000000145480
000000513793
000000176912
000000242345
000000483352
000000133636
000000092244
000000557573
000000416749
000000445179
000000184474
000000308003
000000347210
000000411082
000000089909
000000002521
000000322226
000000322567
000000505371
000000509468
000000408248
000000556120
000000114479
000000558966
000000105537
000000287099
000000376493
000000180515
000000495612
000000120478
000000142323
000000293296
000000413287
000000318471
000000365511
000000450886
000000037339
000000012016
000000332489
000000538533
000000404338
000000405621
000000038685
000000529950
000000401384
000000451798
000000358342
000000324774
000000313420
000000440409
000000165202
000000089459
000000010928
000000172702
000000291990
000000356314
000000412015
000000406050
000000327149
000000010256
000000459374
000000127455
000000069860
000000493503
000000508931
000000083477
000000330681
000000503183
000000231984
000000361321
000000373284
000000328921
000000035940
000000513891
000000059152
000000185620
000000272857
000000102348
000000473767
000000152618
000000068740
000000296136
000000156809
000000191296
000000528731
000000021588
000000296388
000000308599
000000578221
000000088967
000000456420
000000572349
000000476936
000000028499
000000527501
000000469609
000000052949
000000078720
000000387506
000000201477
000000245965
000000272111
000000248457
000000485799
000000565543
000000365540
000000209539
000000388374
000000153288
000000520109
000000122994
000000463628
000000058253
000000164255
000000208054
000000408098
000000167906
000000160892
000000147879
000000261389
000000331311
000000262460
000000219344
000000136681
000000531415
000000344654
000000283984
000000352080
000000044038
000000052712
000000462953
000000374649
000000099317
000000498994
000000340332
000000410849
000000464787
000000067776
000000420059
000000567565
000000434915
000000081656
000000433066
000000030222
000000045912
000000163879
000000222295
000000064915
000000293244
000000126272
000000571091
000000505487
000000466575
000000158372
000000393258
000000157206
000000432160
000000314557
000000417190
000000554142
000000304159
000000364133
000000247984
000000206231
000000446603
000000261948
000000468379
000000507783
000000240605
000000303944
000000082465
000000529434
000000289712
000000168010
000000516214
000000064157
000000534349
000000300055
000000041200
000000485343
000000441147
000000501494
000000345134
000000309402
000000272097
000000138556
000000141508
000000227468
000000020912
000000188078
000000437209
000000370116
000000278899
000000381968
000000390975
000000343229
000000032102
000000344171
000000347377
000000338327
000000112440
000000232790
000000340422
000000216841
000000107228
000000480179
000000119630
000000173217
000000561750
000000358642
000000442210
000000538451
000000198349
000000282790
000000568337
000000419323
000000047589
000000282841
000000315805
000000041147
000000064822
000000034183
000000263382
000000542150
000000026547
000000316047
000000581338
000000034689
000000244878
000000406000
000000022747
000000008418
000000245112
000000248310
000000070351
000000554145
000000201723
000000061972
000000561412
000000086336
000000333348
000000055524
000000445372
000000321665
000000235221
000000566314
000000243775
000000034520
000000299716
000000228464
000000381247
000000561814
000000200941
000000413709
000000493720
000000182483
000000038479
000000183693
000000063355
000000231512
000000066394
000000478614
000000092248
000000370123
000000313990
000000386819
000000406959
000000553471
000000125886
000000358120
000000234535
000000161308
000000383748
000000146774
000000569058
000000527407
000000321935
000000006527
000000156567
000000109753
000000256095
000000014557
000000296098
000000264209
000000330405
000000551403
000000138648
000000044352
000000260966
000000403774
000000060409
000000213338
000000574110
000000560358
000000234691
000000034826
000000226244
000000053919
000000388267
000000305253
000000577512
000000042471
000000378299
000000256590
000000295823
000000565273
000000064150
000000306264
000000190898
000000565929
000000310560
000000085750
000000384587
000000485773
000000070067
000000338591
000000018291
000000530583
000000298562
000000275429
000000506595
000000500825
000000456145
000000133125
000000022834
000000398362
000000053503
000000135680
000000428612
000000417015
000000220137
000000026200
000000388413
000000103379
000000140021
000000513397
000000453009
000000115361
000000371782
000000514292
000000468363
000000488388
000000469152
000000131516
000000311759
000000286858
000000296151
000000071647
000000369998
000000539224
000000124039
000000277543
000000049946
000000525988
000000072753
000000389283
000000024560
000000435957
000000142182
000000419116
000000394132
000000493254
000000517821
000000044467
000000535579
000000516766
000000337222
000000146509
000000141343
000000504470
000000258509
000000411695
000000557720
000000404738
000000081512
000000248019
000000283744
000000521967
000000194956
000000218926
000000329903
000000180917
000000209604
000000461759
000000478979
000000519758
000000145956
000000029125
000000223468
000000200986
000000334073
000000372150
000000254834
000000230576
000000262262
000000326640
000000515555
000000177166
000000472960
000000125070
000000321805
000000292467
000000511849
000000293666
000000494085
000000285683
000000074059
000000388854
000000143167
000000163798
000000148403
000000065035
000000220224
000000076329
000000280007
000000208830
000000366759
000000092050
000000558976
000000364274
000000049667
000000163679
000000010400
000000531128
000000444100
000000467249
000000404388
000000098443
000000492254
000000082327
000000229234
000000297726
000000254824
000000345869
000000035760
000000230721
000000031024
000000069873
000000386257
000000236324
000000080045
000000266451
000000438850
000000058632
000000185993
000000284354
000000574010
000000417055
000000029019
000000050232
000000503097
000000439777
000000343599
000000196594
000000169273
000000009791
000000428975
000000224622
000000115856
000000464993
000000041246
000000393768
000000501531
000000132037
000000198271
000000246666
000000280530
000000528184
000000160108
000000415225
000000412431
000000073014
000000153094
000000449392
000000294305
000000514271
000000440443
000000562879
000000400235
000000322822
000000200938
000000474402
000000042551
000000119194
000000003149
000000542511
000000037389
000000140129
000000142592
000000225261
000000165422
000000162914
000000022724
000000170862
000000074000
000000189387
000000027585
000000395210
000000227316
000000283516
000000355088
000000054389
000000118134
000000134213
000000334174
000000175688
000000254931
000000194780
000000366256
000000112897
000000091280
000000269419
000000327367
000000477820
000000423396
000000196118
000000073696
000000132499
000000062041
000000514200
000000248232
000000000626
000000190111
000000413497
000000540531
000000132373
000000300121
000000205239
000000129675
000000434829
000000458918
000000430760
000000074343
000000044723
000000139843
000000305030
000000202777
000000202935
000000111435
000000011712
000000305526
000000533537
000000329582
000000321437
000000244111
000000277046
000000166096
000000452881
000000264730
000000050965
000000567290
000000275722
000000024744
000000085721
000000200882
000000529636
000000447449
000000052761
000000300989
000000033499
000000003084
000000340573
000000038488
000000454623
000000546292
000000315909
000000056036
000000093570
000000517443
000000514437
000000217301
000000306928
000000532833
000000338592
000000387833
000000269600
000000490012
000000158993
000000530461
000000550893
000000170024
000000518377
000000571839
000000000873
000000496102
000000209335
000000499903
000000260829
000000249295
000000514402
000000101588
000000509551
000000449043
000000540784
000000489815
000000188795
000000305368
000000131531
000000484474
000000331282
000000562419
000000371999
000000357265
000000217919
000000185712
000000089745
000000030470
000000380510
000000150024
000000577821
000000161539
000000369506
000000373677
000000151092
000000212239
000000120986
000000188132
000000219676
000000237869
000000547221
000000058915
000000507684
000000450849
000000201004
000000473196
000000473896
000000267598
000000395130
000000361259
000000498532
000000022196
000000544883
000000163601
000000518234
000000490322
000000219329
000000540789
000000183528
000000449180
000000045478
000000469824
000000362329
000000547440
000000553097
000000535501
000000578786
000000516178
000000077477
000000105737
000000088102
000000325208
000000022563
000000498100
000000326308
000000576483
000000351598
000000262466
000000255272
000000439738
000000280226
000000364699
000000198841
000000541587
000000471082
000000291655
000000049473
000000068434
000000400847
000000239306
000000237263
000000580766
000000236268
000000471691
000000213650
000000045356
000000341725
000000521370
000000321943
000000374677
000000439961
000000491294
000000426852
000000128568
000000208380
000000528200
000000004079
000000483849
000000379161
000000421979
000000574592
000000492911
000000153307
000000202138
000000509641
000000494970
000000106848
000000205677
000000298370
000000579453
000000035853
000000034483
000000033994
000000171317
000000478071
000000167549
000000251629
000000346013
000000368780
000000250051
000000143010
000000083923
000000146997
000000285200
000000523565
000000199855
000000557510
000000431401
000000162841
000000139181
000000377679
000000498794
000000385842
000000012860
000000103358
000000016410
000000157378
000000343445
000000077282
000000165795
000000425905
000000471932
000000117441
000000421069
000000379443
000000001647
000000305713
000000300644
000000217760
000000509819
000000344555
000000147236
000000410924
000000441264
000000430762
000000414750
000000232596
000000016928
000000326658
000000263288
000000173235
000000197336
000000081354
000000284042
000000376706
000000198992
000000389056
000000188509
000000001852
000000108021
000000498363
000000447647
000000318730
000000287285
000000526827
000000542694
000000397291
000000347965
000000265636
000000141211
000000202572
000000540830
000000058522
000000373440
000000377620
000000482720
000000068411
000000132992
000000355263
000000084929
000000373810
000000071549
000000151184
000000395531
000000324250
000000143644
000000089924
000000177810
000000221561
000000571678
000000534845
000000564940
000000473919
000000041848
000000242972
000000184938
000000499631
000000473942
000000027297
000000088142
000000295059
000000575763
000000274803
000000494072
000000338419
000000364705
000000139277
000000057222
000000011390
000000374156
000000190783
000000098444
000000391154
000000018350
000000478220
000000166437
000000198661
000000169700
000000064516
000000049733
000000537692
000000203667
000000521643
000000486290
000000066154
000000111706
000000488476
000000341778
000000518719
000000576939
000000117308
000000002240
000000125167
000000365094
000000102594
000000256860
000000360700
000000392004
000000031597
000000054490
000000006177
000000089021
000000128506
000000381699
000000389622
000000006211
000000102345
000000546596
000000133051
000000261178
000000514531
000000263204
000000030307
000000113236
000000160331
000000004245
000000043464
000000274360
000000493329
000000563168
000000186775
000000256690
000000291158
000000231326
000000475656
000000027977
000000453132
000000377597
000000476127
000000453695
000000359472
000000482625
000000183012
000000266503
000000274074
000000217103
000000446618
000000272132
000000404596
000000166903
000000329126
000000534901
000000367107
000000305762
000000045471
000000254911
000000311568
000000180911
000000563233
000000456351
000000469816
000000090194
000000250711
000000511446
000000360658
000000437138
000000332732
000000320362
000000474622
000000270278
000000125313
000000378012
000000562113
000000317286
000000381122
000000492170
000000065072
000000192111
000000289968
000000381426
000000055753
000000029287
000000542342
000000241974
000000381865
000000011323
000000012923
000000373492
000000342561
000000497731
000000205520
000000231049
000000366086
000000005669
000000514055
000000382339
000000493978
000000026002
000000446130
000000348019
000000252956
000000485300
000000339421
000000195860
000000227847
000000542502
000000543855
000000547863
000000007729
000000177937
000000192009
000000039711
000000521884
000000112106
000000492705
000000458891
000000234942
000000466992
000000466403
000000455010
000000022710
000000256082
000000379024
000000489070
000000316575
000000402598
000000357733
000000392404
000000248372
000000575199
000000098639
000000062864
000000369144
000000341572
000000426976
000000278660
000000464240
000000180119
000000223996
000000211909
000000481073
000000398407
000000290511
000000202465
000000083490
000000553184
000000012321
000000133496
000000009945
000000300815
000000203920
000000525693
000000425187
000000342797
000000188692
000000310502
000000308085
000000110507
000000134502
000000485550
000000324409
000000487245
000000521682
000000353384
000000297678
000000402915
000000333231
000000122704
000000247547
000000330229
000000097260
000000011496
000000280368
000000123099
000000184155
000000093565
000000061526
000000157209
000000379462
000000418181
000000557824
000000299024
000000106019
000000005253
000000408263
000000493996
000000557610
000000486630
000000248496
000000065325
000000065211
000000486163
000000499020
000000210480
000000119827
000000324580
000000215215
000000206341
000000307662
000000564043
000000048664
000000345658
000000166356
000000338104
000000184204
000000453319
000000061326
000000379477
000000193923
000000257796
000000079530
000000450318
000000310706
000000547097
000000359106
000000111182
000000369438
000000026165
000000398523
000000558538
000000389948
000000085867
000000506138
000000011422
000000253109
000000067143
000000414022
000000009176
000000242303
000000059218
000000525891
000000464322
000000561861
000000094842
000000402897
000000180397
000000124992
000000221985
000000080147
000000259040
000000268728
000000135775
000000065612
000000379754
000000106805
000000035783
000000064866
000000152913
000000420446
000000326201
000000268750
000000568614
000000245206
000000017625
000000039926
000000482834
000000534334
000000442654
000000420290
000000257988
000000118927
000000251183
000000228373
000000463603
000000208319
000000433225
000000089072
000000329124
000000458189
000000291773
000000252022
000000335999
000000117743
000000485843
000000339186
000000132123
000000322023
000000393422
000000259398
000000190981
000000398350
000000471332
000000063540
000000499730
000000252340
000000320616
000000403525
000000563986
000000327664
000000155582
000000100140
000000333824
000000369250
000000386400
000000324442
000000068420
000000175270
000000140613
000000085817
000000209382
000000009091
000000207622
000000267416
000000504499
000000533864
000000137094
000000208244
000000258554
000000167330
000000206597
000000125273
000000452968
000000342122
000000416246
000000476609
000000430325
000000508815
000000301851
000000164850
000000265612
000000333024
000000170607
000000176668
000000555107
000000400487
000000253261
000000332943
000000099316
000000442659
000000565572
000000029268
000000224083
000000454898
000000421792
000000212834
000000190568
000000194362
000000335415
000000489031
000000258396
000000139653
000000317672
000000162216
000000253784
000000118762
000000235925
000000493136
000000069283
000000507615
000000045528
000000115816
000000289751
000000321666
000000429946
000000115292
000000580200
000000115851
000000271122
000000473779
000000457656
000000313069
000000015274
000000442686
000000430710
000000575249
000000434644
000000525824
000000566486
000000452543
000000271654
000000040272
000000289583
000000302932
000000404783
000000391726
000000153567
000000533293
000000357635
000000391116
000000504338
000000237131
000000221380
000000273874
000000205304
000000091747
000000316937
000000474330
000000477718
000000116141
000000025241
000000088871
000000029716
000000229052
000000512845
000000221949
000000058080
000000378068
000000103580
000000571694
000000485891
000000260445
000000082735
000000538209
000000200615
000000571395
000000026247
000000277550
000000203452
000000075212
000000238184
000000323774
000000524144
000000017203
000000196524
000000021384
000000521175
000000568071
000000002276
000000272783
000000109783
000000331978
000000023759
000000150370
000000158211
000000468170
000000022827
000000201271
000000517047
000000488135
000000155108
000000042228
000000436287
000000098008
000000001681
000000026944
000000403521
000000014974
000000194262
000000542458
000000515394
000000292868
000000301191
000000394972
000000156556
000000020563
000000439519
000000564361
000000026109
000000295116
000000448504
000000573329
000000137777
000000368736
000000444141
000000017896
000000403558
000000357774
000000570333
000000576859
000000152277
000000385085
000000343511
000000403518
000000089054
000000517322
000000016955
000000262690
000000129546
000000452922
000000007504
000000276794
000000106145
000000499398
000000411385
000000068956
000000293514
000000195890
000000392879
000000373737
000000174806
000000265840
000000339462
000000281599
000000325600
000000157604
000000295433
000000528940
000000201382
000000088669
000000176728
000000251408
000000019941
000000435182
000000215913
000000533250
000000199318
000000094011
000000058397
000000538407
000000474827
000000290457
000000465060
000000576956
000000347312
000000522916
000000212901
000000177078
000000477417
000000390593
000000339495
000000189425
000000391406
000000192636
000000043392
000000063495
000000172248
000000076910
000000445605
000000048181
000000129154
000000501085
000000009725
000000258909
000000166273
000000579002
000000078457
000000097243
000000126090
000000321897
000000408802
000000105784
000000418215
000000365222
000000219906
000000163602
000000086677
000000285914
000000351250
000000486170
000000433270
000000535327
000000195650
000000373480
000000419211
000000282523
000000289690
000000214816
000000555701
000000345543
000000476685
000000220086
000000263274
000000195343
000000100781
000000531725
000000414870
000000576608
000000085302
000000295932
000000316650
000000096365
000000467927
000000116207
000000188612
000000559816
000000149429
000000079611
000000162688
000000331129
000000399011
000000403692
000000508215
000000193074
000000211030
000000413290
000000369509
000000278486
000000379465
000000388507
000000191149
000000576219
000000558486
000000002591
000000114077
000000372374
000000510757
000000358724
000000228525
000000179124
000000044810
000000016295
000000383580
000000159754
000000183151
000000145896
000000045974
000000335967
000000280731
000000067361
000000017892
000000226018
000000508577
000000159680
000000272335
000000210686
000000284686
000000254028
000000086832
000000251047
000000181680
000000236312
000000273840
000000054961
000000471884
000000208718
000000565979
000000194419
000000166702
000000057965
000000157188
000000072091
000000139400
000000407091
000000222686
000000292734
000000396116
000000252272
000000057945
000000181759
000000375674
000000086875
000000016898
000000109169
000000448533
000000146169
000000302872
000000007361
000000166977
000000089259
000000432064
000000273082
000000078923
000000296367
000000490615
000000109835
000000340941
000000386906
000000218763
000000048063
000000255335
000000419711
000000466153
000000157205
000000578411
000000045419
000000001505
000000169845
000000195456
000000049957
000000007753
000000283790
000000320008
000000479803
000000449373
000000492379
000000153723
000000417384
000000371186
000000279247
000000013482
000000037125
000000437958
000000444880
000000313384
000000103513
000000334958
000000233892
000000503534
000000270323
000000085765
000000452259
000000206192
000000469754
000000458541
000000420831
000000021915
000000338521
000000122415
000000575511
000000498562
000000071492
000000317401
000000522450
000000527972
000000391896
000000127353
000000195188
000000106498
000000164189
000000021945
000000565109
000000073685
000000577413
000000277433
000000312621
000000104270
000000413865
000000008791
000000240194
000000506388
000000079808
000000190035
000000386475
000000155126
000000503883
000000148629
000000576088
000000044792
000000444591
000000505825
000000121559
000000368637
000000184661
000000202545
000000090477
000000310419
000000160103
000000221651
000000363505
000000466895
000000090612
000000069054
000000471535
000000203137
000000110308
000000027840
000000575523
000000070557
000000014819
000000043601
000000335653
000000458568
000000287842
000000057340
000000127976
000000566832
000000556326
000000257711
000000284324
000000334491
000000105626
000000402207
000000399337
000000540103
000000439493
000000010964
000000213060
000000523035
000000267735
000000180079
000000475881
000000552579
000000526747
000000564733
000000459631
000000518110
000000326663
000000489741
000000338321
000000166370
000000201168
000000175991
000000330878
000000330917
000000363806
000000299800
000000083147
000000269973
000000275263
000000161348
000000444336
000000050819
000000380678
000000505852
000000312355
000000432964
000000317690
000000425595
000000054336
000000473647
000000208940
000000036110
000000577029
000000072026
000000391305
000000234997
000000273576
000000231837
000000108365
000000018183
000000256231
000000473345
000000036796
000000491753
000000566258
000000433046
000000533941
000000391652
000000179656
000000203858
000000467460
000000191320
000000018723
000000233843
000000338528
000000483786
000000020137
000000008433
000000398895
000000023929
000000450426
000000258288
000000343815
000000098854
000000496335
000000083986
000000182029
000000025195
000000268310
000000151077
000000205590
000000331607
000000442612
000000410711
000000442473
000000499460
000000465138
000000137779
000000213535
000000004880
000000468237
000000018078
000000149668
000000436949
000000002531
000000004415
000000105344
000000443988
000000017946
000000478376
000000371647
000000543922
000000076804
000000211436
000000050242
000000351116
000000458610
000000455912
000000060600
000000427632
000000003314
000000438187
000000471901
000000394008
000000483806
000000470463
000000334981
000000281774
000000516124
000000523959
000000565053
000000316746
000000019927
000000403335
000000475245
000000081174
000000320282
000000331824
000000533063
000000284256
000000281273
000000487528
000000438755
000000002931
000000575376
000000406359
000000177339
000000069576
000000211303
000000072892
000000557695
000000338265
000000471840
000000304250
000000046359
000000160589
000000272626
000000254005
000000145479
000000348675
000000532852
000000241667
000000241962
000000170832
000000293704
000000035303
000000153105
000000131524
000000400218
000000188474
000000155709
000000055460
000000510701
000000476967
000000440283
000000079322
000000059042
000000221330
000000442911
000000158923
000000394866
000000172970
000000524211
000000326925
000000555805
000000151307
000000035763
000000473503
000000228678
000000372671
000000287384
000000414648
000000375192
000000487872
000000357443
000000374796
000000079949
000000308950
000000174576
000000439930
000000468238
000000001497
000000169766
000000440792
000000225931
000000266386
000000058241
000000573483
000000014855
000000026227
000000024582
000000256953
000000006160
000000146111
000000333376
000000184148
000000277134
000000008686
000000170012
000000040478
000000566236
000000442859
000000478473
000000528800
000000306094
000000225824
000000452854
000000506012
000000021969
000000531719
000000073342
000000000078
000000134268
000000353090
000000132497
000000061147
000000547378
000000527963
000000291518
000000118734
000000468605
000000095494
000000150669
000000396977
000000541964
000000168618
000000359132
000000126894
000000544717
000000197853
000000501648
000000253764
000000008998
000000030911
000000427943
000000435048
000000187846
000000060993
000000380620
000000095390
000000357696
000000032328
000000109730
000000552584
000000456350
000000218762
000000210899
000000134320
000000477052
000000335243
000000552138
000000215162
000000284979
000000148246
000000119290
000000324832
000000113338
000000003080
000000262329
000000469724
000000100322
000000382624
000000110004
000000109837
000000116789
000000051198
000000414439
000000022880
000000110937
000000298644
000000036423
000000041995
000000344374
000000204542
000000496153
000000114333
000000481042
000000483047
000000531431
000000254414
000000462191
000000229155
000000519883
000000345040
000000160415
000000476812
000000257502
000000220205
000000292181
000000190861
000000533004
000000299367
000000102793
000000506322
000000415561
000000013835
000000253716
000000129485
000000384424
000000120721
000000536462
000000020145
000000479234
000000362608
000000089223
000000469265
000000421533
000000415697
000000358607
000000117046
000000009509
000000243745
000000431788
000000439352
000000262752
000000554455
000000047545
000000029586
000000149895
000000375737
000000416972
000000006451
000000549478
000000188515
000000362642
000000443223
000000466863
000000560614
000000376747
000000107747
000000106875
000000188026
000000020281
000000345372
000000141993
000000356237
000000474656
000000200280
000000250261
000000234786
000000366984
000000338323
000000543371
000000276796
000000015073
000000208043
000000248601
000000460099
000000104397
000000364698
000000340528
000000017600
000000238505
000000465579
000000369669
000000552938
000000024765
000000415901
000000017870
000000055493
000000252749
000000536433
000000275242
000000195203
000000535891
000000441255
000000457460
000000445515
000000200489
000000289862
000000444500
000000570785
000000024019
000000519628
000000435090
000000244735
000000429305
000000181938
000000131190
000000014412
000000468912
000000399009
000000414082
000000028385
000000429560
000000564708
000000290400
000000420200
000000492580
000000482328
000000282186
000000546655
000000465178
000000197408
000000237437
000000281631
000000315593
000000077472
000000425536
000000519977
000000128903
000000362919
000000453875
000000265982
000000019899
000000429887
000000200195
000000350242
000000355069
000000180623
000000297415
000000384693
000000299704
000000045768
000000493333
000000525189
000000362796
000000300836
000000416387
000000270898
000000552016
000000050219
000000084651
000000464634
000000028876
000000229594
000000178248
000000404064
000000576227
000000458204
000000242216
000000382127
000000338370
000000527492
000000301508
000000183276
000000563725
000000101675
000000450965
000000130292
000000576533
000000008892
000000223929
000000306895
000000223988
000000111318
000000180588
000000523914
000000017429
000000016720
000000471822
000000257167
000000459793
000000007239
000000432430
000000208164
000000330067
000000574051
000000537461
000000178685
000000511358
000000486004
000000254100
000000044923
000000485462
000000169474
000000213219
000000524062
000000213554
000000162898
000000553595
000000279320
000000560750
000000476082
000000448529
000000188725
000000427975
000000149602
000000441876
000000225667
000000188276
000000411931
000000128337
000000525884
000000278452
000000578748
000000528372
000000389466
000000364369
000000484881
000000505965
000000478738
000000427633
000000422323
000000174412
000000105396
000000148306
000000578193
000000310213
000000033386
000000011605
000000579700
000000052256
000000421155
000000059528
000000064303
000000412855
000000447811
000000474832
000000239854
000000355161
000000012416
000000261071
000000180857
000000422393
000000244227
000000434125
000000555814
000000083507
000000144925
000000046883
000000181207
000000355792
000000213623
000000237684
000000267708
000000494572
000000181516
000000356962
000000186399
000000296651
000000270959
000000551185
000000225246
000000303962
000000436464
000000104290
000000189295
000000272758
000000042578
000000116741
000000352236
000000519870
000000010222
000000492894
000000008006
000000111500
000000214719
000000071440
000000253828
000000510207
000000244478
000000259235
000000313644
000000263333
000000281656
000000043566
000000364064
000000005994
000000140130
000000214165
000000369609
000000063206
000000495457
000000554994
000000430472
000000057919
000000108536
000000359897
000000392219
000000036864
000000110073
000000555365
000000248108
000000438514
000000557442
000000217645
000000556801
000000482479
000000291788
000000487359
000000268266
000000538742
000000471582
000000342932
000000435750
000000322097
000000208418
000000496179
000000305496
000000573330
000000130032
000000040796
000000312679
000000344402
000000548792
000000144176
000000194726
000000245825
000000070282
000000489117
000000288814
000000503356
000000077455
000000310526
000000315160
000000283220
000000324448
000000128690
000000415818
000000069936
000000561735
000000466681
000000022582
000000365301
000000419879
000000286233
000000543916
000000231178
000000166811
000000131107
000000282238
000000244074
000000284111
000000219173
000000521726
000000065829
000000326684
000000371226
000000360441
000000440625
000000135502
000000186737
000000168482
000000380714
000000411954
000000351521
000000374453
000000493187
000000152418
000000560103
000000098501
000000343066
000000523204
000000441231
000000570779
000000536318
000000178009
000000536199
000000327020
000000375811
000000410657
000000488812
000000549122
000000247459
000000377301
000000087286
000000465856
000000234883
000000165431
000000268342
000000096685
000000564074
000000346785
000000129448
000000141805
000000265544
000000447607
000000572487
000000032367
000000024416
000000066151
000000499259
000000009287
000000261520
000000462559
000000349607
000000574032
000000168194
000000514369
000000035717
000000443443
000000325524
000000224042
000000475810
000000089955
000000242257
000000340109
000000262544
000000554439
000000288975
000000327068
000000079710
000000211350
000000050552
000000289004
000000392618
000000275868
000000068748
000000148700
000000479693
000000100607
000000027343
000000256760
000000153980
000000357508
000000155167
000000325741
000000242663
000000389304
000000517929
000000352370
000000347235
000000070261
000000194671
000000499353
000000047638
000000258119
000000027215
000000503250
000000565257
000000237587
000000416936
000000375013
000000546581
000000421451
000000166869
000000240069
000000006016
000000500888
000000189391
000000546531
000000301749
000000501667
000000079696
000000252359
000000173688
000000358081
000000084785
000000446614
000000561303
000000464880
000000145573
000000172654
000000439423
000000252000
000000111280
000000454068
000000510622
000000490680
000000507479
000000118783
000000372723
000000229569
000000249689
000000053436
000000207811
000000102620
000000029671
000000485113
000000020825
000000118306
000000119444
000000155376
000000283500
000000444340
000000032695
000000131570
000000077926
000000419893
000000478078
000000186233
000000326442
000000340118
000000309403
000000236349
000000039884
000000197067
000000023501
000000542529
000000135303
000000398177
000000555296
000000313116
000000019062
000000342139
000000091306
000000156784
000000318850
000000472953
000000474846
000000459218
000000081942
000000516823
000000287496
000000567416
000000117536
000000324339
000000005913
000000454622
000000344236
000000218508
000000325668
000000046656
000000287228
000000139426
000000441212
000000458229
000000369139
000000139282
000000505126
000000282173
000000466042
000000132795
000000443693
000000206528
000000425219
000000316059
000000322735
000000405209
000000166463
000000056852
000000282479
000000479395
000000134951
000000228334
000000420673
000000581712
000000375361
000000553976
000000148761
000000516880
000000267476
000000161083
000000004394
000000042333
000000216569
000000277722
000000328808
000000117289
000000113845
000000579545
000000256037
000000502425
000000056878
000000103158
000000425010
000000010867
000000451219
000000565160
000000378692
000000212846
000000551875
000000092715
000000493883
000000141232
000000165766
000000403398
000000155457
000000310978
000000058429
000000134188
000000170931
000000218982
000000508955
000000001496
000000307149
000000138982
000000040500
000000026365
000000251170
000000396494
000000427096
000000143339
000000312367
000000217068
000000249555
000000294349
000000518553
000000319120
000000360205
000000136338
000000154060
000000235681
000000251591
000000538413
000000558541
000000046162
000000475451
000000053691
000000470762
000000523691
000000436835
000000042366
000000386350
000000239174
000000475372
000000160115
000000432909
000000575612
000000546620
000000157809
000000009975
000000208894
000000522008
000000002148
000000066126
000000155999
000000185494
000000301727
000000556088
000000120827
000000307359
000000550739
000000324116
000000047512
000000230336
000000292499
000000028742
000000517405
000000291560
000000176098
000000526966
000000100413
000000126794
000000436611
000000430260
000000536884
000000070271
000000477847
000000042161
000000469743
000000248268
000000103564
000000481532
000000373410
000000419064
000000539675
000000167467
000000558436
000000505546
000000244096
000000135305
000000050727
000000480861
000000035951
000000392624
000000149365
000000496283
000000505082
000000440015
000000414482
000000506379
000000189351
000000012883
000000288513
000000275642
000000431872
000000273068
000000551542
000000400633
000000071589
000000076159
000000161782
000000365572
000000073823
000000426602
000000140758
000000247465
000000116746
000000447487
000000327337
000000267583
000000067593
000000273205
000000262662
000000426049
000000319785
000000333710
000000308641
000000146237
000000199150
000000333090
000000245662
000000234388
000000537919
000000156039
000000088613
000000016414
000000389677
000000483041
000000223650
000000576709
000000212268
000000061740
000000575918
000000576480
000000119922
000000001792
000000213174
000000257020
000000120385
000000257176
000000336887
000000152483
000000404227
000000142245
000000067917
000000305019
000000517394
000000485422
000000323467
000000272487
000000556485
000000192885
000000157032
000000540863
000000133883
000000400870
000000454892
000000456556
000000162598
000000540988
000000397192
000000261670
000000115637
000000152526
000000415340
000000290024
000000288453
000000157181
000000546070
000000541219
000000019136
000000153561
000000211254
000000416639
000000330586
000000413782
000000514601
000000396294
000000285629
000000480501
000000317838
000000463019
000000236389
000000446526
000000212566
000000208727
000000337844
000000156876
000000543392
000000469410
000000481504
000000244671
000000443179
000000157300
000000106165
000000344894
000000074328
000000393169
000000480961
000000094954
000000292242
000000505264
000000510423
000000424788
000000168084
000000365918
000000298985
000000275466
000000098090
000000304937
000000204424
000000187063
000000160163
000000474713
000000190872
000000473705
000000551285
000000044663
000000262619
000000353559
000000319912
000000193046
000000258191
000000435224
000000328652
000000432744
000000497267
000000444173
000000184325
000000263246
000000487493
000000542327
000000410388
000000552966
000000556491
000000125056
000000004571
000000343922
000000401616
000000381003
000000580003
000000513237
000000222871
000000555861
000000544427
000000570742
000000395469
000000044780
000000422029
000000566835
000000121610
000000412142
000000438943
000000549104
000000194416
000000041293
000000194089
000000364850
000000501874
000000031602
000000569529
000000074537
000000153126
000000262691
000000222791
000000544348
000000361648
000000368311
000000546242
000000482320
000000530863
000000358416
000000369721
000000155388
000000341277
000000409588
000000540746
000000543957
000000114274
000000270070
000000131533
000000520532
000000263320
000000030114
000000144224
000000250578
000000431696
000000165106
000000452381
000000444203
000000552685
000000064794
000000027105
000000409408
000000501889
000000223319
000000057016
000000398373
000000162773
000000018496
000000278082
000000486547
000000216794
000000078117
000000470473
000000409623
000000509804
000000280157
000000188236
000000066878
000000067634
000000225750
000000065080
000000502613
000000457521
000000434097
000000196870
000000093428
000000490850
000000540068
000000190896
000000573062
000000428026
000000576464
000000056997
000000157610
000000393607
000000319766
000000384151
000000506007
000000217584
000000004038
000000508466
000000381922
000000071796
000000032289
000000081372
000000104191
000000257934
000000213596
000000184161
000000103583
000000333823
000000026652
000000164153
000000455353
000000365831
000000152663
000000554642
000000033383
000000240698
000000156405
000000152341
000000132725
000000293252
000000099970
000000361054
000000449901
000000095777
000000075190
000000032639
000000228794
000000371598
000000059110
000000077304
000000345429
000000127006
000000220139
000000254366
000000189330
000000395584
000000321500
000000244872
000000176721
000000208414
000000516268
000000546300
000000131099
000000211113
000000539163
000000253658
000000147333
000000081117
000000309195
000000509677
000000519113
000000412178
000000243000
000000070688
000000509188
000000194194
000000278043
000000330564
000000012999
000000242278
000000072733
000000565765
000000331749
000000072716
000000101190
000000159315
000000506842
000000029755
000000557848
000000302035
000000365578
000000300930
000000378566
000000299372
000000112805
000000227779
000000078621
000000130070
000000052978
000000258890
000000146722
000000487025
000000484033
000000265826
000000539676
000000416325
000000572978
000000030791
000000091778
000000540582
000000156120
000000127654
000000048134
000000356817
000000014446
000000232517
000000396260
000000393176
000000431977
000000488553
000000284348
000000120499
000000299205
000000089870
000000176551
000000147142
000000092064
000000496065
000000462987
000000043876
000000460168
000000079722
000000010136
000000118909
000000322395
000000015930
000000573576
000000294973
000000183788
000000346540
000000279909
000000217043
000000081431
000000368834
000000306407
000000351104
000000487837
000000388821
000000332691
000000093219
000000053931
000000029753
000000240074
000000327849
000000419028
000000436400
000000565756
000000581739
000000263482
000000114749
000000028329
000000439366
000000003613
000000210193
000000071718
000000009127
000000293480
000000060554
000000544349
000000008245
000000445167
000000401622
000000066902
000000362811
000000332448
000000194248
000000216517
000000339007
000000164442
000000234452
000000543468
000000353568
000000560818
000000442060
000000474970
000000145087
000000110567
000000284993
000000051124
000000161885
000000127543
000000088744
000000494003
000000134475
000000563713
000000023440
000000095915
000000229010
000000534686
000000532083
000000262283
000000152048
000000057707
000000246275
000000278923
000000159626
000000383764
000000349621
000000436693
000000080798
000000402829
000000226300
000000237851
000000427613
000000510034
000000578481
000000201757
000000347653
000000163192
000000259242
000000313666
000000393129
000000079670
000000237142
000000311890
000000482877
000000570143
000000242597
000000016870
000000453866
000000566646
000000234357
000000358620
000000363336
000000190322
000000063408
000000046055
000000289987
000000105592
000000484217
000000443315
000000458763
000000023641
000000369433
000000162164
000000129872
000000139333
000000108045
000000026035
000000133462
000000549328
000000451701
000000494281
000000577434
000000228376
000000325903
000000027329
000000087123
000000273369
000000219339
000000330716
000000171176
000000464329
000000559565
000000432460
000000198255
000000478643
000000350008
000000029698
000000233256
000000461619
000000045180
000000397388
000000079116
000000380315
000000399162
000000069564
000000498152
000000521870
000000526391
000000450544
000000520133
000000452824
000000117455
000000341198
000000063476
000000399220
000000355270
000000215421
000000127282
000000102006
000000443627
000000348616
000000153016
000000125432
000000393989
000000414686
000000218984
000000434525
000000189838
000000272211
000000393721
000000050356
000000169154
000000520663
000000471596
000000470196
000000377960
000000179519
000000230545
000000239726
000000068857
000000009180
000000474784
000000505597
000000081397
000000520674
000000412172
000000462974
000000344293
000000132306
000000377561
000000021294
000000171154
000000566973
000000146591
000000138494
000000278020
000000128670
000000031680
000000350722
000000282894
000000483045
000000167661
000000351591
000000406749
000000419396
000000325783
000000394814
000000312430
000000360831
000000283814
000000575486
000000432119
000000002150
000000520229
000000030875
000000172226
000000329733
000000130880
000000176414
000000119579
000000448712
000000404753
000000367188
000000323829
000000274897
000000310315
000000369543
000000476103
000000043921
000000457522
000000422310
000000029438
000000532351
000000580790
000000280068
000000485890
000000048559
000000188013
000000077760
000000495797
000000074555
000000323028
000000157834
000000253733
000000129733
000000521769
000000531392
000000121977
000000355922
000000026728
000000096833
000000283583
000000337917
000000423010
000000256930
000000534284
000000389793
000000376153
000000308977
000000487938
000000004132
000000217407
000000191353
000000196111
000000160041
000000270846
000000347967
000000089714
000000427805
000000080738
000000449693
000000074039
000000195356
000000036382
000000338235
000000480272
000000260206
000000373015
000000314561
000000095554
000000079971
000000052773
000000406826
000000113182
000000239190
000000016701
000000188673
000000533843
000000435543
000000082324
000000281564
000000366560
000000273358
000000540259
000000566041
000000280429
000000342307
000000508831
000000019852
000000524834
000000476589
000000553934
000000190334
000000520851
000000082860
000000252915
000000513127
000000566325
000000185917
000000139210
000000515826
000000554471
000000007931
000000092092
000000350549
000000427036
000000183100
000000008531
000000005667
000000436319
000000103355
000000450963
000000349538
000000259906
000000211983
000000492715
000000515527
000000176178
000000260167
000000258135
000000098987
000000001084
000000317806
000000284127
000000072237
000000385185
000000206998
000000203405
000000240288
000000317512
000000115037
000000405088
000000326035
000000017856
000000119718
000000270106
000000538058
000000284794
000000330756
000000173695
000000064001
000000263735
000000308473
000000417089
000000007677
000000248769
000000462461
000000022270
000000022704
000000150502
000000361253
000000263767
000000453772
000000312467
000000123694
000000121101
000000065047
000000260893
000000170207
000000058315
000000559958
000000204969
000000033608
000000127644
000000367271
000000369731
000000517936
000000393696
000000241919
000000135193
000000358174
000000313984
000000321610
000000141756
000000457924
000000003812
000000380072
000000008336
000000268733
000000057903
000000431008
000000084283
000000242403
000000325944
000000216206
000000439303
000000552876
000000082844
000000461350
000000384883
000000400953
000000170765
000000033567
000000187099
000000003737
000000103151
000000383581
000000531523
000000110447
000000362319
000000151053
000000538149
000000387044
000000459466
000000265361
000000443129
000000511495
000000519911
000000492750
000000154530
000000489927
000000123751
000000173647
000000358198
000000138836
000000040551
000000147553
000000199554
000000302715
000000482409
000000521216
000000123509
000000204603
000000312076
000000526042
000000437774
000000176142
000000453164
000000472495
000000013284
000000537649
000000318311
000000267350
000000020860
000000287565
000000437446
000000351829
000000214008
000000505879
000000028995
000000579544
000000532557
000000248168
000000014475
000000353102
000000203486
000000221028
000000257558
000000002770
000000154637
000000494548
000000567523
000000024637
000000395505
000000389669
000000219527
000000364842
000000233808
000000183088
000000266360
000000504748
000000259616
000000536823
000000072664
000000226539
000000114694
000000503023
000000554534
000000302684
000000388807
000000186880
000000514457
000000261202
000000473972
000000329350
000000283629
000000091397
000000061137
000000463596
000000032516
000000414675
000000062957
000000344196
000000257752
000000432025
000000062481
000000521195
000000192862
000000264982
000000515773
000000250204
000000187483
000000142322
000000366061
000000360503
000000033361
000000437685
000000244973
000000298132
000000277798
000000498165
000000486972
000000232746
000000207250
000000045836
000000110776
000000152860
000000547036
000000487098
000000117139
000000456422
000000293412
000000387615
000000187397
000000559221
000000126674
000000475371
000000540465
000000034739
000000077901
000000563048
000000411814
000000182243
000000169502
000000100972
000000195459
000000201748
000000142320
000000546232
000000281442
000000551349
000000423638
000000564958
000000168217
000000218863
000000394900
000000048288
000000487442
000000048727
000000371871
000000095379
000000199533
000000042222
000000024671
000000268393
000000043367
000000367809
000000282565
000000577333
000000439875
000000529795
000000406530
000000536730
000000290889
000000316856
000000276164
000000415039
000000286429
000000499130
000000276554
000000267978
000000400872
000000035123
000000328888
000000059632
000000378051
000000464809
000000467394
000000002451
000000566174
000000061351
000000268190
000000084165
000000560138
000000152514
000000378867
000000309880
000000299732
000000386321
000000068697
000000374458
000000298473
000000275001
000000422406
000000479315
000000165916
000000263039
000000386253
000000048285
000000083454
000000521338
000000546065
000000427583
000000218274
000000223470
000000539340
000000306169
000000280189
000000010547
000000357113
000000402004
000000079559
000000103058
000000399825
000000189520
000000131060
000000385259
000000040181
000000047178
000000574130
000000341328
000000142130
000000098145
000000277163
000000308625
000000334373
000000496123
000000339966
000000092280
000000277435
000000565321
000000167431
000000172085
000000138303
000000018347
000000194538
000000271789
000000406628
000000342919
000000092315
000000344883
000000226712
000000204039
000000082480
000000325523
000000544127
000000170309
000000024393
000000380305
000000413346
000000194459
000000262009
000000551607
000000339529
000000550066
000000578009
000000094890
000000410110
000000565608
000000057699
000000503541
000000312141
000000533179
000000281617
000000469531
000000409192
000000007785
000000148184
000000498007
000000034343
000000398808
000000366174
000000236341
000000507815
000000241809
000000436837
000000055613
000000059385
000000236199
000000425945
000000170780
000000025060
000000492299
000000267880
000000404460
000000302869
000000285214
000000000955
000000494508
000000277700
000000574251
000000506199
000000317323
000000556021
000000570409
000000145755
000000062257
000000032403
000000170968
000000255622
000000047492
000000358550
000000576262
000000211040
000000249315
000000218011
000000014319
000000301012
000000200008
000000573520
000000079493
000000134327
000000491701
000000499982
000000278229
000000132758
000000552927
000000450741
000000072995
000000236173
000000226648
000000024922
000000004885
000000038198
000000354445
000000336967
000000372458
000000491516
000000123831
000000429318
000000051587
000000534593
000000516768
000000418677
000000406068
000000286482
000000295201
000000519867
000000526029
000000340699
000000516233
000000346496
000000114093
000000502459
000000096535
000000361520
000000307033
000000509247
000000464928
000000513505
000000405041
000000287108
000000510339
000000198064
000000554351
000000396784
000000523766
000000022767
000000351976
000000070097
000000316229
000000500662
000000389426
000000056397
000000423637
000000567189
000000345462
000000418282
000000479711
000000520758
000000580142
000000493474
000000016839
000000299010
000000120077
000000577968
000000033891
000000328842
000000149660
000000384598
000000278064
000000395703
000000364374
000000549276
000000201623
000000110217
000000189605
000000055049
000000488883
000000187025
000000232114
000000228527
000000441943
000000255859
000000305384
000000174890
000000217864
000000119145
000000242867
000000318533
000000277088
000000432723
000000581835
000000448652
000000334234
000000075326
000000440286
000000186785
000000422286
000000557119
000000165874
000000498980
000000083599
000000145266
000000397473
000000163761
000000482631
000000479531
000000400257
000000374891
000000572551
000000522342
000000234220
000000205887
000000072382
000000572283
000000385552
000000248116
000000293342
000000062604
000000112444
000000349237
000000477887
000000153136
000000501002
000000292907
000000115740
000000314277
000000238563
000000237743
000000380284
000000030588
000000469834
000000115299
000000044291
000000402905
000000058674
000000178017
000000080562
000000537157
000000026800
000000201125
000000016009
000000131015
000000402969
000000079453
000000239520
000000040569
000000371348
000000560355
000000076841
000000346591
000000562770
000000444082
000000324403
000000520027
000000160560
000000562474
000000219832
000000461844
000000574232
000000425473
000000239350
000000544815
000000059321
000000075325
000000518023
000000414244
000000483059
000000163351
000000209092
000000491510
000000313768
000000236197
000000323182
000000341550
000000073782
000000239613
000000507781
000000358020
000000231320
000000497542
000000099311
000000085939
000000531171
000000030151
000000311099
000000177058
000000527720
000000232410
000000201299
000000559591
000000365980
000000326001
000000089552
000000564902
000000086864
000000300343
000000320503
000000044332
000000076988
000000323008
000000391102
000000532967
000000257497
000000388511
000000343863
000000559262
000000331354
000000037157
000000507068
000000367814
000000377397
000000350310
000000118131
000000028373
000000223752
000000017761
000000206731
000000058405
000000374651
000000515006
000000267284
000000477258
000000162915
000000483043
000000186323
000000487409
000000000491
000000240080
000000480926
000000331671
000000097238
000000455674
000000223293
000000171315
000000100407
000000468960
000000143256
000000065793
000000122959
000000407185
000000478328
000000461701
000000211110
000000329179
000000548768
000000348697
000000093119
000000293931
000000189568
000000016209
000000510538
000000137210
000000286153
000000394739
000000430885
000000062943
000000174167
000000327628
000000566076
000000504999
000000570569
000000470951
000000111660
000000315211
000000435988
000000361448
000000542991
000000140946
000000178307
000000141477
000000079298
000000429585
000000460290
000000462602
000000574922
000000144147
000000405999
000000160812
000000472166
000000167622
000000379038
000000531814
000000131067
000000493500
000000408815
000000336517
000000327549
000000024036
000000038891
000000308579
000000103390
000000085339
000000110011
000000023542
000000114363
000000446832
000000203955
000000079986
000000122194
000000132262
000000206170
000000472392
000000457016
000000334477
000000175156
000000576011
000000117454
000000291206
000000492566
000000147108
000000127491
000000156042
000000459982
000000298295
000000386700
000000238850
000000329535
000000316250
000000091810
000000345357
000000237663
000000006464
000000046142
000000441527
000000193712
000000263845
000000471156
000000073774
000000161518
000000067997
000000384070
000000100703
000000430850
000000135730
000000162182
000000303507
000000325799
000000379992
000000074947
000000557266
000000034973
000000367100
000000563046
000000574281
000000296620
000000528119
000000364656
000000471697
000000515374
000000253712
000000049878
000000453050
000000468356
000000176767
000000528408
000000094124
000000008761
000000173607
000000322670
000000548905
000000164599
000000027108
000000530202
000000512797
000000032704
000000240376
000000542402
000000160771
000000334310
000000291333
000000521117
000000322975
000000462880
000000367767
000000245631
000000052503
000000577723
000000375846
000000553509
000000532310
000000120875
000000280838
000000470588
000000477031
000000028698
000000234769
000000132523
000000086071
000000361033
000000217823
000000229866
000000081205
000000370224
000000154507
000000178440
000000457651
000000413496
000000190043
000000088675
000000398139
000000298810
000000181042
000000275913
000000214608
000000007772
000000147196
000000091461
000000521296
000000135206
000000098693
000000374999
000000444912
000000027844
000000185848
000000558475
000000457726
000000575149
000000181857
000000457824
000000138148
000000534117
000000131126
000000311469
000000430848
000000503497
