000000427888
000000192685
000000314865
000000391145
000000109653
000000120818
000000036764
000000166915
000000458533
000000499125
000000019349
000000467137
000000069860
000000169353
000000086408
000000161782
000000378101
000000233435
000000555811
000000025951
000000397693
000000146841
000000478287
000000047700
000000381485
000000498081
000000187901
000000374033
000000405604
000000457121
000000288316
000000047680
000000284843
000000136181
000000267770
000000055119
000000535501
000000019665
000000188795
000000440819
000000150212
000000461701
000000519713
000000044079
000000191706
000000354897
000000215170
000000075857
000000208164
000000251191
000000428712
000000433792
000000394900
000000421681
000000210480
000000322714
000000518719
000000405994
000000004415
000000283181
000000223601
000000548768
000000082480
000000283904
000000553184
000000266597
000000545375
000000005612
000000569389
000000118550
000000430583
000000125298
000000358750
000000187434
000000551900
000000298316
000000233948
000000034528
000000284639
000000532463
000000374111
000000029341
000000247338
000000239180
000000233873
000000221914
000000523211
000000330237
000000458401
000000356533
000000571136
000000480583
000000422382
000000391646
000000371999
000000121965
000000282479
000000453664
000000580671
000000534259
000000527501
000000398225
000000456046
000000578324
000000436383
000000205572
000000268059
000000507881
000000468457
000000188850
000000490991
000000446147
000000268643
000000484627
000000542248
000000310711
000000221040
000000037790
000000467911
000000433770
000000567627
000000055973
000000546228
000000390951
000000263961
000000083086
000000258509
000000116502
000000413736
000000222517
000000287830
000000428282
000000339469
000000223650
000000551170
000000160560
000000212403
000000402199
000000478016
000000318251
000000018801
000000040068
000000083639
000000340654
000000205875
000000092601
000000335935
000000365372
000000431481
000000115816
000000124709
000000324979
000000246924
000000425788
000000098767
000000471455
000000123739
000000200978
000000186956
000000453695
000000057222
000000380305
000000441738
000000150276
000000279387
000000320273
000000421875
000000454576
000000312800
000000404437
000000482128
000000297023
000000473728
000000027105
000000116601
000000289170
000000208961
000000121875
000000123415
000000254028
000000117182
000000004260
000000319687
000000242345
000000361798
000000186685
000000320680
000000496531
000000520256
000000535977
000000546021
000000260293
000000362159
000000454915
000000464018
000000235870
000000487098
000000023759
000000016082
000000091747
000000086108
000000150211
000000406530
000000320020
000000111840
000000518098
000000127914
000000437575
000000563404
000000149365
000000268900
000000518610
000000253732
000000093601
000000534349
000000312896
000000130437
000000244878
000000091536
000000428498
000000021061
000000319612
000000098116
000000307359
000000414122
000000540626
000000445601
000000563593
000000347747
000000041575
000000496800
000000375731
000000444366
000000262460
000000310560
000000382172
000000146098
000000396421
000000306621
000000021254
000000383525
000000494335
000000453154
000000129448
000000383470
000000177524
000000025060
000000395531
000000114941
000000282879
000000348616
000000302924
000000283970
000000363523
000000508612
000000247369
000000577744
000000156405
000000418393
000000092031
000000491899
000000460430
000000425412
000000145742
000000467803
000000315864
000000490579
000000446894
000000316553
000000048358
000000077375
000000559633
000000032105
000000316677
000000319160
000000399532
000000071727
000000202499
000000184101
000000122787
000000042658
000000480136
000000337403
000000122493
000000366086
000000424300
000000354695
000000233872
000000480306
000000300120
000000089725
000000176527
000000142245
000000227125
000000097659
000000309775
000000104310
000000011990
000000470999
000000528587
000000061562
000000284365
000000122419
000000217240
000000196916
000000121229
000000379024
000000455770
000000052948
000000504697
000000556240
000000537909
000000030484
000000329966
000000018191
000000572310
000000325654
000000499054
000000144224
000000284247
000000112622
000000360129
000000017154
000000421157
000000029697
000000152474
000000353351
000000277331
000000472461
000000342105
000000516628
000000246382
000000355123
000000343193
000000094753
000000315944
000000370537
000000079589
000000535046
000000053450
000000443649
000000377406
000000077304
000000134327
000000034483
000000283403
000000522280
000000233477
000000423172
000000060297
000000197915
000000304929
000000430519
000000015953
000000246478
000000124142
000000498091
000000558380
000000282238
000000554800
000000555942
000000472157
000000033131
000000477718
000000281722
000000055458
000000379529
000000467203
000000096884
000000303704
000000410110
000000501002
000000525529
000000142769
000000322175
000000427603
000000411845
000000482696
000000137999
000000102171
000000521887
000000503114
000000253784
000000038652
000000315181
000000436856
000000347377
000000577028
000000092187
000000484474
000000445325
000000073020
000000379129
000000122235
000000085348
000000515512
000000301549
000000266336
000000337771
000000056963
000000557855
000000165035
000000261273
000000048066
000000081155
000000305762
000000538058
000000088116
000000550410
000000404618
000000520112
000000485343
000000455865
000000417006
000000161595
000000024744
000000469080
000000293666
000000562441
000000324989
000000127491
000000023575
000000245857
000000134863
000000349775
000000447928
000000191353
000000120831
000000083557
000000372861
000000223384
000000458141
000000487359
000000079322
000000209993
000000069266
000000458221
000000445372
000000353206
000000280847
000000571215
000000350639
000000405108
000000466665
000000141108
000000193465
000000524062
000000057016
000000064463
000000121157
000000538828
000000013159
000000302298
000000188952
000000490535
000000221949
000000165229
000000000387
000000081354
000000056960
000000500945
000000347235
000000483058
000000146465
000000065716
000000387693
000000054966
000000240605
000000559816
000000105344
000000167994
000000356049
000000474622
000000248732
000000285614
000000526464
000000186124
000000550761
000000560103
000000174103
000000313609
000000141263
000000225246
000000402598
000000221477
000000451909
000000446623
000000440532
000000573791
000000137794
000000130438
000000131015
000000169883
000000209803
000000373776
000000021097
000000209813
000000450066
000000429497
000000265235
000000393696
000000535579
000000203729
000000110518
000000302543
000000122194
000000041995
000000239854
000000259721
000000377397
000000265084
000000357700
000000120780
000000113929
000000543814
000000347354
000000030793
000000281562
000000497661
000000320503
000000397897
000000398808
000000242909
000000430096
000000355054
000000213554
000000257270
000000564990
000000219897
000000072892
000000518818
000000534168
000000393159
000000102297
000000099321
000000511549
000000361341
000000016119
000000031865
000000113599
000000291158
000000389304
000000352481
000000241726
000000214250
000000527506
000000178361
000000059532
000000374485
000000273068
000000105008
000000349144
000000112320
000000513775
000000345691
000000038697
000000145614
000000439911
000000027734
000000283495
000000183012
000000051174
000000523433
000000520503
000000203822
000000439827
000000283530
000000553304
000000292419
000000466885
000000262756
000000219114
000000442659
000000321235
000000087083
000000546782
000000202562
000000463226
000000360614
000000477847
000000271654
000000466079
000000431516
000000413278
000000135167
000000497746
000000130909
000000233315
000000493849
000000304608
000000471095
000000075132
000000164103
000000367229
000000460156
000000188276
000000419474
000000431501
000000130637
000000233614
000000423508
000000303629
000000451522
000000439630
000000358915
000000186552
000000378299
000000547637
000000211115
000000481441
000000268388
000000545788
000000303253
000000229419
000000022563
000000033581
000000521967
000000136849
000000391896
000000580296
000000016677
000000171120
000000394640
000000246156
000000303308
000000187939
000000202658
000000112482
000000033608
000000332953
000000215383
000000384337
000000155388
000000295166
000000121633
000000180522
000000148319
000000366061
000000498854
000000435041
000000075173
000000302242
000000574592
000000379399
000000011313
000000577857
000000387434
000000147303
000000015259
000000086205
000000522339
000000000491
000000332943
000000046898
000000071589
000000199188
000000153055
000000271092
000000450777
000000422434
000000375733
000000472080
000000240288
000000159309
000000255155
000000469937
000000220306
000000562113
000000397337
000000075131
000000518524
000000177010
000000171499
000000486004
000000213309
000000212292
000000459428
000000541004
000000185079
000000018294
000000064866
000000224083
000000558942
000000313398
000000015197
000000222893
000000310978
000000167906
000000024637
000000227451
000000539858
000000293341
000000241935
000000418002
000000011184
000000328921
000000332866
000000544582
000000140391
000000300032
000000202652
000000006016
000000425899
000000274491
000000340259
000000127377
000000025723
000000167661
000000090274
000000043522
000000210612
000000416145
000000282940
000000169249
000000525170
000000367107
000000412178
000000492647
000000133496
000000096157
000000543717
000000195615
000000388469
000000193281
000000372128
000000369438
000000361431
000000010403
000000466242
000000500761
000000520197
000000530064
000000334675
000000027108
000000113182
000000376870
000000430681
000000438926
000000303365
000000129313
000000165829
000000468525
000000513600
000000398407
000000213838
000000277165
000000046104
000000289689
000000177609
000000292015
000000357005
000000518440
000000184568
000000322567
000000313655
000000118363
000000338474
000000332219
000000183811
000000520851
000000206216
000000492363
000000243292
000000104149
000000553764
000000214803
000000195715
000000513968
000000118417
000000393950
000000364210
000000100722
000000029214
000000576084
000000357841
000000323008
000000355632
000000128842
000000034892
000000418804
000000251379
000000446094
000000125699
000000518716
000000145056
000000497160
000000308582
000000375857
000000226890
000000345177
000000441876
000000512918
000000164751
000000231782
000000203868
000000033243
000000259297
000000357734
000000115159
000000228156
000000219443
000000393176
000000125655
000000487962
000000176289
000000341270
000000133636
000000402313
000000037662
000000085209
000000568614
000000017717
000000292499
000000226136
000000091306
000000272758
000000525559
000000212566
000000248457
000000553872
000000536402
000000370090
000000039371
000000569325
000000479670
000000297620
000000155790
000000167724
000000023274
000000572572
000000275722
000000013463
000000317684
000000328581
000000466455
000000558966
000000101132
000000337546
000000013000
000000399045
000000225693
000000462527
000000408805
000000476383
000000255966
000000174672
000000057138
000000055285
000000120666
000000365540
000000246955
000000203143
000000099649
000000361400
000000170024
000000514338
000000518573
000000554471
000000237697
000000581437
000000203912
000000319912
000000253233
000000141931
000000230137
000000090814
000000319228
000000401821
000000362419
000000265744
000000410849
000000422466
000000136905
000000564707
000000417638
000000473208
000000569103
000000564157
000000400045
000000069205
000000568318
000000288000
000000191363
000000140231
000000330229
000000027844
000000227468
000000028420
000000431426
000000110613
000000513789
000000042086
000000276797
000000435792
000000052575
000000538359
000000047235
000000333090
000000580003
000000508466
000000552235
000000471139
000000212602
000000553506
000000140352
000000551746
000000122535
000000312694
000000446807
000000364743
000000556030
000000095674
000000085212
000000576317
000000138134
000000379055
000000101050
000000501788
000000343279
000000567813
000000443630
000000290608
000000354261
000000272196
000000042007
000000330531
000000359959
000000203937
000000540642
000000150320
000000187872
000000579326
000000288513
000000163180
000000558600
000000229228
000000032695
000000251690
000000228994
000000239600
000000434958
000000384883
000000043099
000000443701
000000532989
000000280687
000000433331
000000364850
000000508814
000000359678
000000243066
000000178810
000000284047
000000157977
000000279060
000000491579
000000464894
000000030529
000000437213
000000299463
000000227270
000000315524
000000341802
000000118188
000000348648
000000230545
000000253196
000000539132
000000353221
000000061582
000000476173
000000512110
000000262329
000000502297
000000232302
000000472392
000000268838
000000315827
000000232852
000000164830
000000327580
000000566482
000000093403
000000542154
000000573520
000000081116
000000373810
000000027658
000000424378
000000151455
000000185632
000000219249
000000544371
000000167863
000000312662
000000022309
000000501651
000000494112
000000296724
000000545930
000000069750
000000016009
000000139958
000000459566
000000510942
000000097998
000000325796
000000437530
000000443373
000000552089
000000254100
000000445156
000000012231
000000119608
000000577975
000000491384
000000394874
000000022377
000000201374
000000082263
000000269749
000000214766
000000292789
000000257894
000000191320
000000305445
000000119718
000000355223
000000246794
000000196558
000000479360
000000573146
000000058080
000000542307
000000230070
000000225225
000000545191
000000102929
000000000775
000000370842
000000119171
000000265843
000000415747
000000164388
000000141366
000000154648
000000536103
000000241986
000000095247
000000183154
000000248730
000000558711
000000463619
000000435553
000000406368
000000075719
000000355622
000000028914
000000293340
000000383866
000000184761
000000503534
000000245682
000000564043
000000086864
000000284794
000000541635
000000092771
000000135900
000000469531
000000288501
000000310342
000000194771
000000026547
000000560789
000000052322
000000193454
000000550783
000000574015
000000094890
000000312076
000000446870
000000331201
000000411182
000000406957
000000486788
000000417588
000000332732
000000130324
000000185282
000000547422
000000295270
000000318571
000000443646
000000022747
000000439969
000000321592
000000235813
000000510680
000000409700
000000364521
000000335851
000000322695
000000355021
000000249620
000000262984
000000208669
000000411931
000000271897
000000455218
000000437093
000000347445
000000178022
000000554987
000000514915
000000120836
000000534117
000000410350
000000379048
000000459879
000000099297
000000566325
000000458483
000000376858
000000291321
000000076087
000000405088
000000429586
000000071345
000000156459
000000086839
000000536363
000000336901
000000471528
000000270106
000000217766
000000024319
000000291067
000000577362
000000229324
000000361246
000000498493
000000567797
000000416815
000000127648
000000577176
000000133273
000000262937
000000284148
000000569656
000000321500
000000230226
000000131390
000000498383
000000273288
000000106045
000000241483
000000429727
000000188673
000000456369
000000351553
000000229569
000000360798
000000475664
000000497698
000000215596
000000466992
000000322530
000000526966
000000572551
000000265974
000000132084
000000550912
000000362811
000000003314
000000171049
000000105881
000000246616
000000464322
000000076159
000000142668
000000404292
000000227464
000000327624
000000293480
000000341385
000000483013
000000059528
000000292810
000000466217
000000472671
000000325523
000000194416
000000152275
000000205625
000000008195
000000488883
000000266666
000000138446
000000322630
000000290002
000000480841
000000171468
000000450959
000000416002
000000072664
000000561677
000000505389
000000052035
000000459987
000000312479
000000549759
000000501286
000000013320
000000481057
000000320379
000000361119
000000088470
000000147277
000000212181
000000176283
000000474543
000000356645
000000426355
000000439995
000000042144
000000127455
000000102168
000000096535
000000486641
000000257959
000000556426
000000183949
000000148306
000000010166
000000463876
000000579632
000000356110
000000350879
000000317474
000000037041
000000451940
000000285089
000000074434
000000438252
000000238114
000000278570
000000485236
000000508913
000000192266
000000513417
000000040500
000000301506
000000369788
000000083619
000000488374
000000300806
000000485799
000000261043
000000220699
000000410091
000000580649
000000124930
000000201723
000000074573
000000246408
000000393836
000000318006
000000291773
000000298182
000000200724
000000160812
000000047492
000000266827
000000299496
000000344703
000000435294
000000455696
000000079768
000000281034
000000560818
000000277914
000000105522
000000181132
000000185848
000000404792
000000165675
000000499842
000000190927
000000501756
000000382368
000000176796
000000004571
000000557227
000000312603
000000340612
000000347819
000000175612
000000271106
000000002645
000000036166
000000371348
000000159030
000000070491
000000483553
000000442210
000000364917
000000049331
000000559728
000000524180
000000140733
000000501842
000000138032
000000521321
000000533011
000000207980
000000175608
000000092092
000000369630
000000094590
000000302547
000000196313
000000274292
000000203767
000000133883
000000317672
000000035763
000000222600
000000446526
000000411630
000000116043
000000061230
000000326209
000000531499
000000453328
000000287782
000000342244
000000255866
000000072051
000000143560
000000362480
000000420929
000000061761
000000431240
000000362306
000000230171
000000183990
000000395053
000000461445
000000429991
000000528069
000000099984
000000462671
000000572121
000000038257
000000479984
000000508672
000000553934
000000301326
000000323583
000000439519
000000564940
000000383764
000000396811
000000474049
000000401822
000000255930
000000004827
000000221380
000000407289
000000142483
000000049141
000000238602
000000249315
000000296330
000000332574
000000009975
000000493507
000000575625
000000211918
000000349234
000000040569
000000466967
000000293980
000000337748
000000362079
000000008761
000000577847
000000486972
000000015927
000000410969
000000362785
000000278899
000000513793
000000426985
000000112671
000000093971
000000179611
000000516581
000000340238
000000326359
000000163803
000000202829
000000542950
000000492562
000000074794
000000252711
000000276467
000000023450
000000309267
000000330084
000000051106
000000301754
000000393768
000000316650
000000130130
000000308120
000000548537
000000200489
000000402364
000000004428
000000316229
000000266655
000000506388
000000503777
000000367452
000000438315
000000564580
000000456942
000000528112
000000213961
000000171632
000000545671
000000142201
000000024294
000000347967
000000408248
000000581338
000000315278
000000009180
000000381426
000000293448
000000552761
000000496306
000000315388
000000002148
000000164179
000000033445
000000385641
000000226744
000000448253
000000554569
000000189171
000000189520
000000015870
000000459374
000000504037
000000136841
000000203035
000000344561
000000083990
000000396494
000000304937
000000469834
000000042751
000000151053
000000481598
000000479504
000000215709
000000378001
000000233625
000000240911
000000353282
000000456310
000000426179
000000000263
000000565220
000000434264
000000006464
000000570141
000000556157
000000190568
000000510615
000000574130
000000327539
000000389399
000000241156
000000221199
000000542814
000000411853
000000417596
000000416484
000000274653
000000576040
000000239736
000000520582
000000272097
000000074743
000000211771
000000571786
000000110159
000000374782
000000084859
000000478839
000000478738
000000364159
000000067832
000000434417
000000406000
000000439881
000000390975
000000423336
000000335473
000000580390
000000123456
000000577821
000000460236
000000051835
000000295016
000000030769
000000403754
000000197068
000000469873
000000561750
000000417193
000000269168
000000285275
000000408258
000000133426
000000223950
000000577623
000000578221
000000295769
000000183893
000000195725
000000357925
000000323765
000000574066
000000540370
000000275970
000000392643
000000317464
000000007729
000000493682
000000054308
000000385185
000000349376
000000544009
000000400836
000000167647
000000483871
000000537461
000000125069
000000208513
000000341035
000000157815
000000010476
000000505911
000000547036
000000528664
000000056572
000000089870
000000470113
000000110937
000000331236
000000396094
000000350629
000000058329
000000416322
000000362657
000000256690
000000016335
000000463424
000000226348
000000268986
000000313082
000000018958
000000007211
000000146813
000000500044
000000020527
000000406061
000000354545
000000578775
000000420673
000000339591
000000192631
000000137803
000000082003
000000083986
000000140021
000000044204
000000545611
000000399752
000000122936
000000151499
000000403107
000000041455
000000136540
000000304706
000000503416
000000489645
000000567837
000000386962
000000350854
000000088560
000000455422
000000148588
000000472755
000000571200
000000085320
000000191296
000000526594
000000518530
000000483045
000000528074
000000163563
000000210271
000000067342
000000537422
000000286787
000000237542
000000484418
000000105683
000000084235
000000021551
000000180971
000000266562
000000094630
000000104790
000000270001
000000245043
000000404377
000000507840
000000047316
000000488823
000000119579
000000032286
000000508809
000000450763
000000208469
000000397473
000000194362
000000460576
000000572899
000000491737
000000374337
000000032403
000000169456
000000406050
000000295932
000000016414
000000295853
000000351876
000000091954
000000234709
000000384085
000000083494
000000557315
000000211485
000000237303
000000448698
000000316320
000000162898
000000184951
000000426948
000000038030
000000105719
000000235838
000000446249
000000484282
000000561303
000000223869
000000079530
000000227497
000000531369
000000503252
000000450741
000000507992
000000463140
000000121032
000000544719
000000047544
000000030805
000000360165
000000508831
000000349489
000000260445
000000187200
000000070586
000000342353
000000416325
000000027406
000000389190
000000317806
000000007665
000000370252
000000564361
000000363321
000000501329
000000398236
000000512845
000000381865
000000252043
000000030160
000000195172
000000057699
000000256611
000000292879
000000099790
000000484881
000000346189
000000258006
000000560614
000000402867
000000225667
000000229327
000000436611
000000424739
000000460813
000000453883
000000029287
000000410603
000000006177
000000024221
000000284170
000000056413
000000298252
000000504988
000000453945
000000558955
000000502513
000000102348
000000088915
000000373639
000000381214
000000513573
000000328853
000000516990
000000118150
000000425371
000000291245
000000136652
000000015576
000000069087
000000446603
000000322122
000000241809
000000421144
000000374649
000000375317
000000340109
000000290024
000000451058
000000168084
000000085529
000000518188
000000053731
000000239975
000000511153
000000114259
000000311370
000000084982
000000012146
000000030210
000000558524
000000110776
000000074000
000000153392
000000174417
000000091460
000000231060
000000410168
000000293906
000000261389
000000419449
000000348308
000000525646
000000471846
000000239504
000000495457
000000070351
000000309521
000000523664
000000503541
000000330054
000000106072
000000084548
000000148366
000000296560
000000366984
000000534128
000000307270
000000389312
000000396784
000000430710
000000528432
000000315062
000000237851
000000464263
000000260740
000000264923
000000294053
000000555107
000000127006
000000530489
000000432748
000000232790
000000052924
000000198473
000000431872
000000425817
000000032416
000000419893
000000034933
000000515727
000000258331
000000257255
000000224224
000000062443
000000516880
000000132331
000000042422
000000355263
000000211653
000000344671
000000319785
000000525693
000000191136
000000556120
000000179696
000000258174
000000442888
000000559958
000000492213
000000452263
000000117432
000000528119
000000513602
000000152994
000000062481
000000405209
000000569997
000000458950
000000239060
000000260765
000000406792
000000128987
000000538149
000000272492
000000479879
000000467939
000000548159
000000052388
000000557720
000000336534
000000538744
000000439199
000000361386
000000082475
000000342797
000000284426
000000177166
000000175197
000000247465
000000493136
000000131067
000000400953
000000051101
000000423718
000000342919
000000108917
000000079472
000000454068
000000019136
000000406339
000000449373
000000099317
000000111361
000000373344
000000554597
000000562205
000000009603
000000008418
000000179951
000000492060
000000229884
000000284274
000000160892
000000023343
000000491983
000000506837
000000477390
000000182968
000000447117
000000132262
000000185620
000000041848
000000041200
000000045406
000000323182
000000475561
000000261387
000000528189
000000384486
000000565608
000000010928
000000275102
000000196117
000000048848
000000446045
000000100413
000000492853
000000359277
000000167581
000000240478
000000427745
000000330732
000000237077
000000100547
000000331490
000000434502
000000557679
000000188771
000000308117
000000535821
000000154614
000000510349
000000337815
000000435703
000000342632
000000481981
000000256734
000000009673
000000304710
000000010196
000000466118
000000504140
000000238138
000000218147
000000215910
000000411093
000000431523
000000061698
000000235740
000000138092
000000480458
000000027691
000000287285
000000131613
000000331690
000000563739
000000459164
000000420366
000000065865
000000033931
000000163185
000000539751
000000019181
000000184184
000000144194
000000105478
000000132773
000000241984
000000367428
000000059114
000000250164
000000379502
000000187511
000000536067
000000192145
000000322738
000000078703
000000117668
000000102144
000000550834
000000456200
000000145015
000000225070
000000204463
000000358904
000000404652
000000541067
000000281288
000000404095
000000469047
000000511165
000000308192
000000149257
000000165422
000000305368
000000100417
000000549854
000000575079
000000151265
000000242821
000000541887
000000270384
000000408098
000000083884
000000195840
000000356513
000000374164
000000150875
000000524834
000000126709
000000063661
000000203215
000000160283
000000131533
000000556554
000000489031
000000310972
000000580505
000000083325
000000245235
000000152192
000000058413
000000328373
000000465049
000000265161
000000207381
000000267160
000000294321
000000440015
000000538922
000000333376
000000413496
000000007772
000000096685
000000129026
000000331113
000000195810
000000141232
000000475042
000000218113
000000341290
000000418933
000000325783
000000332692
000000120785
000000306232
000000023541
000000511853
000000208886
000000262201
000000052518
000000159168
000000123035
000000040087
000000315805
000000175135
000000436830
000000554618
000000046112
000000155126
000000581157
000000457231
000000115191
000000324936
000000548322
000000021921
000000088917
000000040902
000000248370
000000254710
000000407975
000000006428
000000443361
000000196948
000000362795
000000093496
000000455549
000000066127
000000554703
000000217228
000000009145
000000388042
000000224264
000000315654
000000172658
000000415964
000000188001
000000269380
000000092957
000000421655
000000338235
000000174567
000000339355
000000159105
000000478586
000000579002
000000177924
000000353295
000000010907
000000463303
000000131516
000000079696
000000327337
000000325944
000000019062
000000247547
000000569253
000000207916
000000213650
000000410924
000000106621
000000561763
000000287108
000000350328
000000214119
000000022158
000000102842
000000541917
000000356181
000000088868
000000432201
000000581674
000000501855
000000265645
000000334194
000000579781
000000570185
000000479394
000000516346
000000494439
000000126457
000000294934
000000190426
000000208163
000000221736
000000502637
000000440729
000000562879
000000422502
000000426158
000000136299
000000403837
000000417540
000000366174
000000022409
000000239559
000000166463
000000550960
000000501600
000000234022
000000503697
000000575199
000000103580
000000535448
000000500130
000000161937
000000336406
000000452381
000000265982
000000001706
000000178192
000000417471
000000016716
000000426022
000000488539
000000084165
000000012966
000000080549
000000273102
000000151161
000000569384
000000372641
000000148168
000000541298
000000205607
000000232148
000000358254
000000494285
000000044928
000000495607
000000153128
000000524088
000000533784
000000072702
000000468277
000000500422
000000527963
000000226691
000000134111
000000028311
000000374043
000000211823
000000466396
000000348058
000000506900
000000411872
000000282142
000000122994
000000241623
000000297911
000000246586
000000310664
000000476873
000000341874
000000170730
000000575121
000000315645
000000379183
000000156859
000000522288
000000041288
000000302035
000000531725
000000255598
000000465156
000000305665
000000504289
000000546517
000000343621
000000013043
000000445446
000000479711
000000471814
000000101473
000000572859
000000278177
000000401484
000000571437
000000068380
000000422818
000000428175
000000456799
000000526133
000000117418
000000129977
000000200280
000000498794
000000263211
000000325668
000000181155
000000361685
000000032102
000000353588
000000307583
000000340737
000000235034
000000395281
000000561357
000000211983
000000226206
000000252144
000000215521
000000441013
000000087204
000000174091
000000038204
000000081943
000000129772
000000237041
000000495014
000000498152
000000313345
000000164496
000000356828
000000485406
000000061596
000000479556
000000578654
000000393033
000000007096
000000009945
000000526735
000000431708
000000401528
000000333231
000000200749
000000032603
000000118379
000000513811
000000140360
000000409774
000000222280
000000146411
000000015876
000000232005
000000260929
000000410947
000000133464
000000282790
000000513520
000000074336
000000315895
000000259288
000000041226
000000349044
000000400104
000000265737
000000544094
000000363247
000000173451
000000557187
000000482775
000000288592
000000253382
000000062209
000000099741
000000415314
000000357219
000000167467
000000045768
000000131627
000000314376
000000578362
000000046171
000000261439
000000311887
000000004885
000000163927
000000188733
000000417384
000000219173
000000443957
000000325519
000000532975
000000385317
000000287044
000000427129
000000365918
000000040596
000000346702
000000509822
000000262009
000000508209
000000261316
000000227713
000000301077
000000435544
000000081995
000000309774
000000333181
000000448580
000000407457
000000046786
000000188920
000000030911
000000469082
000000009426
000000568337
000000362328
000000170309
000000209441
000000574051
000000289754
000000211013
000000179180
000000117891
000000549517
000000399212
000000544246
000000189351
000000315018
000000018748
000000031437
000000292421
000000519113
000000447476
000000485333
000000158628
000000232173
000000060641
000000272111
000000550739
000000514241
000000013879
000000220630
000000064009
000000464240
000000535699
000000526622
000000206274
000000021397
000000115379
000000365265
000000276644
000000022842
000000250778
000000172248
000000325380
000000500699
000000217864
000000395627
000000524977
000000545612
000000081508
000000488553
000000511963
000000275348
000000108649
000000365819
000000466714
000000531307
000000555882
000000259879
000000452585
000000086366
000000225191
000000403250
000000106970
000000410123
000000408167
000000280721
000000250577
000000319645
000000031634
000000515823
000000388911
000000377300
000000323128
000000249974
000000326182
000000014750
000000003737
000000578009
000000404243
000000436284
000000461998
000000191149
000000108602
000000262323
000000079298
000000257729
000000343248
000000464902
000000420629
000000282834
000000272385
000000412842
000000391000
000000194089
000000326761
000000089909
000000137674
000000427975
000000424694
000000044609
000000417160
000000537553
000000294487
000000059108
000000149423
000000415493
000000283996
000000388130
000000116370
000000134375
000000000326
000000050706
000000254841
000000553968
000000231984
000000418391
000000232543
000000449697
000000321902
000000028698
000000037527
000000423448
000000001496
000000564836
000000376984
000000496765
000000349609
000000044704
000000479936
000000168686
000000033939
000000502613
000000162206
000000239706
000000533900
000000226084
000000118399
000000264787
000000103856
000000012281
000000219445
000000183646
000000482596
000000192500
000000432293
000000550066
000000214811
000000156039
000000373796
000000441972
000000044358
000000209701
000000534074
000000438093
000000437604
000000432997
000000498665
000000099474
000000106383
000000208954
000000448236
000000256552
000000492489
000000369712
000000355819
000000422792
000000498942
000000298370
000000213219
000000120499
000000418462
000000109588
000000463012
000000297678
000000339529
000000041251
000000199732
000000169097
000000322325
000000368268
000000551607
000000190575
000000193011
000000182469
000000149835
000000012070
000000555493
000000310514
000000516985
000000392928
000000315387
000000278660
000000050352
000000022651
000000331349
000000321194
000000168533
000000301727
000000574281
000000175333
000000519910
000000131570
000000023363
000000495155
000000050219
000000235557
000000504608
000000546451
000000116786
000000537025
000000128373
000000100627
000000013965
000000330357
000000067420
000000509641
000000494383
000000421976
000000207323
000000247086
000000522269
000000274591
000000071549
000000162171
000000575916
000000531252
000000535497
000000580306
000000128337
000000284814
000000339421
000000286376
000000202199
000000522315
000000539705
000000534140
000000476331
000000485002
000000001637
000000327921
000000492683
000000523445
000000214875
000000350251
000000344292
000000374396
000000524297
000000213546
000000229052
000000411941
000000373440
000000195648
000000537145
000000471932
000000367242
000000443934
000000471981
000000356091
000000280651
000000103234
000000439007
000000467778
000000289758
000000086576
000000528468
000000352485
000000440559
000000305019
000000045941
000000179869
000000540664
000000423231
000000213623
000000206926
000000086916
000000292498
000000429408
000000356496
000000205814
000000073823
000000054233
000000044277
000000012416
000000360779
000000153288
000000499982
000000356064
000000516214
000000459343
000000072203
000000097696
000000147553
000000341424
000000039881
000000247311
000000469135
000000255089
000000042568
000000015954
000000296265
000000046731
000000426049
000000188725
000000140577
000000050482
000000166057
000000462953
000000058250
000000343229
000000078580
000000481552
000000422145
000000102912
000000165202
000000237131
000000562870
000000261202
000000076652
000000388082
000000258000
000000330770
000000540863
000000015391
000000411082
000000348825
000000313812
000000247929
000000238147
000000148839
000000415235
000000065842
000000018291
000000444769
000000330756
000000316026
000000134532
000000561681
000000426828
000000168795
000000438024
000000232952
000000137833
000000573518
000000263112
000000346412
000000516823
000000431897
000000576799
000000434915
000000168010
000000288344
000000311395
000000147342
000000245112
000000335766
000000321014
000000236596
000000152514
000000280320
000000510951
000000385513
000000481035
000000024787
000000478518
000000326936
000000494115
000000298112
000000359537
000000457016
000000007855
000000363767
000000246592
000000130006
000000153524
000000211110
000000244784
000000043319
000000378672
000000464468
000000019158
000000279941
000000479909
000000272968
000000572331
000000516668
000000116994
000000357635
000000373410
000000473260
000000300380
000000142187
000000131330
000000016089
000000575909
000000193889
000000096653
000000283896
000000425595
000000052494
000000142722
000000217269
000000288707
000000249556
000000245965
000000487228
000000008639
000000345411
000000242303
000000144816
000000146700
000000411823
000000338878
000000102459
000000565864
000000166557
000000206550
000000568286
000000564074
000000515423
000000327304
000000032284
000000337505
000000140548
000000507714
000000063888
000000461092
000000358190
000000473171
000000176697
000000365352
000000561152
000000482022
000000009288
000000213340
000000322824
000000293265
000000361256
000000010547
000000264316
000000291538
000000212688
000000441655
000000528049
000000102322
000000239338
000000429248
000000545101
000000315861
000000197805
000000119460
000000367758
000000579548
000000356586
000000028982
000000541964
000000299732
000000575356
000000241599
000000413346
000000491294
000000483059
000000237716
000000052886
000000326058
000000315226
000000437599
000000329030
000000305713
000000333365
000000419228
000000081915
000000071099
000000376937
000000286368
000000061502
000000300040
000000030222
000000064865
000000467062
000000482722
000000374133
000000055524
000000346678
000000020679
000000028690
000000528541
000000468055
000000251785
000000451598
000000007778
000000352538
000000265589
000000501515
000000521613
000000301657
000000094842
000000572894
000000381599
000000520449
000000093708
000000327038
000000197090
000000246920
000000456009
000000034689
000000284979
000000080562
000000485462
000000460251
000000495079
000000462454
000000148541
000000212877
000000442791
000000021864
000000267583
000000390565
000000129305
000000315868
000000292558
000000506012
000000533261
000000187979
000000007202
000000161752
000000400235
000000431675
