000000258985
000000062443
000000217387
000000384111
000000356906
000000491203
000000494550
000000150788
000000375415
000000521605
000000415874
000000318523
000000257053
000000569103
000000172627
000000082530
000000416774
000000385962
000000487192
000000558083
000000106038
000000336113
000000359959
000000238389
000000276836
000000107427
000000084064
000000159500
000000008267
000000024053
000000514116
000000114173
000000512760
000000536683
000000500533
000000238090
000000531569
000000431355
000000079878
000000540354
000000415967
000000453093
000000113897
000000410670
000000357475
000000510606
000000429074
000000109648
000000182175
000000560591
000000058927
000000214042
000000094113
000000014781
000000295199
000000363280
000000077813
000000544009
000000564003
000000428234
000000221910
000000388528
000000135161
000000388027
000000156533
000000577796
000000576080
000000364521
000000137578
000000191705
000000135972
000000579693
000000359140
000000190227
000000302185
000000409842
000000397166
000000455343
000000532686
000000162589
000000189424
000000020536
000000256156
000000067805
000000379740
000000460621
000000372894
000000002061
000000000636
000000109178
000000568633
000000314328
000000406201
000000237723
000000013769
000000436520
000000260107
000000065124
000000276387
000000015006
000000116424
000000451877
000000396295
000000407861
000000026045
000000063715
000000022963
000000389128
000000452013
000000534300
000000006861
000000179611
000000069494
000000412996
000000531167
000000489528
000000021046
000000280619
000000020820
000000066567
000000126941
000000172843
000000415843
000000244240
000000425035
000000540619
000000398067
000000063882
000000421201
000000543660
000000480215
000000219916
000000219657
000000227480
000000186079
000000478009
000000404608
000000031730
000000057454
000000305412
000000331753
000000290078
000000202748
000000263268
000000489613
000000424668
000000119137
000000360772
000000142340
000000210467
000000117718
000000100853
000000372495
000000245659
000000125944
000000117396
000000262386
000000436111
000000167700
000000549817
000000056212
000000221536
000000250066
000000214519
000000555894
000000505386
000000242907
000000555677
000000136926
000000136793
000000578314
000000441483
000000134483
000000065270
000000535643
000000409500
000000292810
000000120157
000000175948
000000060364
000000291833
000000025014
000000104015
000000225505
000000320659
000000575473
000000452516
000000299305
000000374184
000000003335
000000475566
000000002495
000000248231
000000554900
000000379529
000000421882
000000151247
000000235833
000000285352
000000414884
000000524637
000000370444
000000517600
000000334015
000000197278
000000264461
000000303549
000000284628
000000252857
000000022191
000000319285
000000281950
000000567093
000000464534
000000057124
000000323760
000000035266
000000160283
000000473623
000000175212
000000044604
000000347142
000000115709
000000486488
000000255654
000000213309
000000264964
000000453020
000000523297
000000111014
000000033909
000000012323
000000537395
000000448765
000000141709
000000493205
000000318161
000000512463
000000240565
000000538497
000000132682
000000256844
000000550527
000000126671
000000276964
000000507879
000000075051
000000402330
000000386786
000000096492
000000080017
000000193251
000000531023
000000542527
000000443281
000000110783
000000245161
000000281353
000000278961
000000354662
000000147030
000000384901
000000392928
000000575606
000000012101
000000269105
000000245274
000000443780
000000034830
000000418226
000000281365
000000163628
000000386066
000000386755
000000566189
000000250246
000000384036
000000564657
000000060760
000000524954
000000189634
000000051533
000000067553
000000215812
000000137927
000000452121
000000169598
000000247184
000000311887
000000581863
000000463459
000000533900
000000009288
000000482297
000000538589
000000220446
000000202658
000000074743
000000072077
000000297620
000000395006
000000470370
000000500420
000000421307
000000302997
000000361656
000000435883
000000267182
000000251344
000000374984
000000245902
000000411943
000000440878
000000380427
000000484695
000000116786
000000370090
000000379554
000000136783
000000439398
000000074331
000000571518
000000154633
000000031000
000000110196
000000246928
000000177994
000000519153
000000534128
000000574057
000000351621
000000118852
000000484604
000000308120
000000265611
000000564418
000000029346
000000420313
000000576412
000000356091
000000576612
000000030595
000000157430
000000084982
000000247914
000000256160
000000572899
000000363343
000000417193
000000210654
000000334305
000000087194
000000345849
000000466079
000000051339
000000187979
000000089804
000000420330
000000195715
000000575179
000000243849
000000159831
000000020906
000000431481
000000464682
000000447337
000000157980
000000225715
000000218886
000000366677
000000232050
000000264992
000000516244
000000028582
000000335810
000000211498
000000205222
000000384486
000000551908
000000402685
000000034892
000000033939
000000313398
000000232173
000000050482
000000472671
000000184402
000000127914
000000022090
000000321079
000000438737
000000140797
000000143111
000000497855
000000494077
000000407717
000000471235
000000460732
000000045387
000000423048
000000139734
000000060126
000000253810
000000344875
000000331339
000000384512
000000121987
000000056714
000000507533
000000074963
000000388157
000000388082
000000246199
000000575916
000000374087
000000495975
000000563920
000000466736
000000558362
000000489909
000000379404
000000254143
000000576614
000000209441
000000360329
000000417410
000000058117
000000240273
000000289309
000000212462
000000325410
000000229274
000000042641
000000141518
000000036477
000000470931
000000291528
000000360318
000000238989
000000534035
000000025316
000000325586
000000320972
000000199319
000000160889
000000321973
000000127623
000000295553
000000224289
000000235244
000000068380
000000403345
000000310094
000000248678
000000474479
000000319452
000000066179
000000090724
000000337247
000000044993
000000461758
000000513342
000000016161
000000494800
000000577451
000000064136
000000294451
000000543696
000000194140
000000147546
000000322175
000000379055
000000344521
000000285646
000000156772
000000548957
000000146917
000000108243
000000094563
000000134542
000000303937
000000202507
000000381204
000000078283
000000163608
000000531143
000000577868
000000177449
000000121745
000000050578
000000284253
000000126914
000000021397
000000298809
000000346841
000000379922
000000009077
000000383341
000000410493
000000463724
000000441323
000000138832
000000037958
000000218608
000000069535
000000338472
000000475195
000000536375
000000223384
000000577847
000000533261
000000352901
000000180232
000000352377
000000321062
000000199669
000000206068
000000138227
000000557357
000000374218
000000084442
000000021614
000000099647
000000099736
000000391588
000000467956
000000318124
000000096440
000000013428
000000038083
000000500878
000000390086
000000352214
000000262654
000000181799
000000390215
000000577321
000000133622
000000354019
000000083161
000000571437
000000022842
000000313176
000000208663
000000371841
000000124232
000000416641
000000197597
000000365168
000000471226
000000063671
000000457717
000000321395
000000378098
000000456377
000000522703
000000098115
000000423984
000000505911
000000207205
000000273045
000000347819
000000224012
000000188534
000000536894
000000571497
000000387824
000000354515
000000097513
000000060970
000000159716
000000353275
000000501062
000000363559
000000385174
000000398563
000000402717
000000262608
000000581749
000000138057
000000507536
000000132702
000000468736
000000164710
000000555920
000000551052
000000487421
000000397773
000000155793
000000027009
000000538888
000000447233
000000324390
000000444626
000000067075
000000202886
000000256660
000000410633
000000561681
000000059614
000000448492
000000271461
000000144633
000000388130
000000360660
000000019981
000000280687
000000500298
000000037629
000000085914
000000222696
000000242368
000000356662
000000345497
000000335733
000000447378
000000398339
000000478981
000000338050
000000316675
000000364187
000000385036
000000104906
000000038294
000000580835
000000371506
000000427189
000000270554
000000426777
000000242619
000000023309
000000471814
000000239808
000000134811
000000011042
000000110630
000000036508
000000177102
000000193387
000000434043
000000097974
000000281924
000000480551
000000492371
000000094590
000000162827
000000401718
000000446428
000000256365
000000363767
000000511546
000000493386
000000453026
000000226744
000000175612
000000298316
000000152795
000000380343
000000293259
000000371326
000000349402
000000444496
000000313789
000000310999
000000397693
000000050239
000000380951
000000419350
000000246966
000000136141
000000124157
000000010432
000000045962
000000370388
000000346932
000000495443
000000460559
000000206618
000000473427
000000160260
000000363574
000000316240
000000416326
000000037638
000000136271
000000510898
000000255076
000000417144
000000381109
000000425762
000000526486
000000449073
000000157270
000000367689
000000307480
000000383726
000000427802
000000257529
000000262113
000000476008
000000008473
000000048273
000000247599
000000453509
000000374934
000000433044
000000020349
000000364973
000000484573
000000247764
000000106736
000000486026
000000537438
000000430160
000000473124
000000089603
000000029906
000000184951
000000066445
000000131527
000000008196
000000415823
000000442791
000000034567
000000381318
000000043494
000000073417
000000415746
000000399516
000000332377
000000186147
000000343410
000000543224
000000558955
000000399532
000000373783
000000076307
000000462386
000000065993
000000447861
000000208690
000000386553
000000435909
000000519475
000000474186
000000477194
000000404243
000000233652
000000274651
000000322480
000000213156
000000255966
000000518773
000000006854
000000494747
000000295614
000000304818
000000428739
000000266951
000000549887
000000301506
000000438505
000000316917
000000527631
000000013832
000000429408
000000575755
000000528496
000000577385
000000253732
000000045574
000000315181
000000468972
000000061596
000000518725
000000051174
000000373789
000000031280
000000538925
000000313599
000000541917
000000012231
000000252711
000000366493
000000018781
000000574415
000000383706
000000435270
000000050561
000000271215
000000368268
000000237041
000000150212
000000526133
000000571215
000000285614
000000075319
000000567440
000000013980
000000368581
000000545111
000000323853
000000361933
000000015953
000000567444
000000240323
000000268215
000000306281
000000579326
000000292916
000000036409
000000282328
000000489916
000000308504
000000223587
000000577631
000000348854
000000542922
000000347276
000000110200
000000167205
000000360629
000000039150
000000384010
000000098729
000000477273
000000531115
000000464649
000000259233
000000244401
000000347724
000000331113
000000164179
000000172658
000000080455
000000537982
000000252137
000000074591
000000384523
000000446265
000000265743
000000346633
000000143671
000000431323
000000055010
000000083217
000000523470
000000012375
000000184590
000000067832
000000366648
000000455966
000000506736
000000345411
000000071933
000000500432
000000346880
000000020913
000000455422
000000266562
000000490688
000000211115
000000395714
000000095078
000000015542
000000215565
000000451598
000000270001
000000297520
000000020465
000000324979
000000388211
000000123946
000000505269
000000353295
000000063290
000000359118
000000487391
000000555848
000000461953
000000011537
000000575625
000000377738
000000141317
000000056244
000000153026
000000413278
000000187887
000000318683
000000039420
000000034869
000000125782
000000357620
000000245540
000000264482
000000473208
000000412571
000000497484
000000475295
000000294264
000000298252
000000460931
000000146601
000000530494
000000104313
000000147818
000000193041
000000183217
000000469002
000000367571
000000109824
000000072832
000000005754
000000342614
000000085543
000000067959
000000581913
000000512145
000000410979
000000273657
000000046428
000000367771
000000439537
000000056684
000000550627
000000250993
000000556562
000000421745
000000494141
000000554340
000000102671
000000558641
000000564726
000000158160
000000492378
000000246221
000000162675
000000543041
000000205196
000000049853
000000443605
000000378795
000000446322
000000356586
000000173533
000000533750
000000102589
000000458388
000000384993
000000025751
000000519182
000000330237
000000340642
000000424880
000000252269
000000364307
000000327315
000000428712
000000051289
000000274653
000000544246
000000544421
000000314331
000000063729
000000201717
000000423480
000000220270
000000267035
000000492785
000000003794
000000398948
000000534274
000000209808
000000425004
000000225943
000000394259
000000508489
000000337065
000000234147
000000300221
000000242423
000000433705
000000405214
000000010858
000000546248
000000366003
000000283743
000000463970
000000255470
000000259976
000000483159
000000402887
000000394334
000000565245
000000241934
000000208166
000000150378
000000149444
000000125318
000000136929
000000382629
000000108392
000000490509
000000073733
000000140391
000000434148
000000356028
000000329653
000000007107
000000182511
000000050531
000000166124
000000030998
000000113387
000000140010
000000159310
000000005540
000000216962
000000434417
000000122787
000000360798
000000314779
000000302893
000000118363
000000553968
000000364493
000000554618
000000578654
000000521613
000000455218
000000039540
000000573853
000000484915
000000364157
000000497388
000000197859
000000225693
000000001205
000000312746
000000208688
000000388457
000000171632
000000026630
000000087230
000000551154
000000497034
000000285275
000000444092
000000484627
000000244909
000000313428
000000447117
000000537025
000000173081
000000413736
000000245094
000000300867
000000380597
000000187329
000000513789
000000537907
000000422464
000000374641
000000463012
000000272968
000000051277
000000442824
000000547612
000000316019
000000558128
000000073020
000000568505
000000483945
000000453328
000000441072
000000193449
000000494751
000000200725
000000469543
000000270239
000000208417
000000426972
000000572331
000000139486
000000202187
000000518818
000000268322
000000556426
000000268229
000000146813
000000469857
000000217071
000000376718
000000415619
000000515147
000000105426
000000296897
000000091716
000000351626
000000393836
000000575079
000000402786
000000543631
000000345068
000000261504
000000248918
000000210671
000000516628
000000086839
000000296724
000000577527
000000173640
000000580363
000000497626
000000011313
000000391915
000000028850
000000031634
000000176289
000000257853
000000145015
000000143329
000000255631
000000384337
000000294487
000000422095
000000372861
000000149197
000000194885
000000080066
000000118073
000000320899
000000411872
000000555571
000000136181
000000574845
000000280363
000000324313
000000444366
000000312591
000000551129
000000134964
000000513933
000000081484
000000360721
000000379502
000000144334
000000561699
000000371694
000000176060
000000407162
000000091460
000000084493
000000247536
000000069698
000000092181
000000513775
000000030012
000000330531
000000353830
000000068396
000000366099
000000549885
000000525272
000000333240
000000153055
000000156555
000000538819
000000565622
000000334826
000000174091
000000120199
000000136227
000000220538
000000466596
000000227526
000000428278
000000052774
000000022861
000000007867
000000351667
000000078820
000000337502
000000519683
000000401860
000000302513
000000468457
000000343455
000000032039
000000516828
000000532009
000000505062
000000230148
000000264017
000000407879
000000003690
000000273688
000000544495
000000297574
000000035694
000000242909
000000381060
000000434463
000000520561
000000142483
000000249884
000000152866
000000549324
000000125435
000000288714
000000569960
000000428812
000000209803
000000161772
000000350035
000000336102
000000100199
000000149469
000000045057
000000226874
000000274491
000000255448
000000109445
000000490842
000000532531
000000074139
000000532571
000000242379
000000279305
000000037717
000000503424
000000420704
000000232863
000000246540
000000500765
000000095939
000000253699
000000556608
000000314965
000000117170
000000581655
000000526972
000000012010
000000295269
000000535748
000000071466
000000167859
000000072873
000000241068
000000047316
000000008688
000000355851
000000443361
000000015386
000000269678
000000005154
000000335589
000000438615
000000085338
000000239975
000000309958
000000552235
000000355819
000000054355
000000432293
000000060641
000000404237
000000263723
000000502090
000000082293
000000447501
000000183416
000000499727
000000212801
000000555405
000000161752
000000118598
000000556157
000000044478
000000550729
000000153392
000000509270
000000162357
000000243817
000000384476
000000379048
000000050352
000000405994
000000188850
000000182503
000000115241
000000389477
000000276192
000000142856
000000538513
000000325517
000000568276
000000304706
000000327777
000000271986
000000240960
000000188447
000000383073
000000162275
000000384401
000000271977
000000485236
000000553248
000000331692
000000563816
000000024045
000000367558
000000109123
000000520154
000000364642
000000525646
000000317325
000000348877
000000072273
000000148588
000000077151
000000486788
000000499588
000000216785
000000154867
000000109653
000000399297
000000501029
000000274063
000000235119
000000072004
000000135167
000000467803
000000424984
000000197444
000000523316
000000311304
000000309848
000000280865
000000491765
000000500219
000000246197
000000132161
000000142127
000000428452
000000446623
000000130171
000000438495
000000405569
000000107167
000000472146
000000258905
000000175969
000000246920
000000439602
000000354530
000000280721
000000085777
000000200377
000000499801
000000569667
000000061215
000000131330
000000181155
000000479360
000000120780
000000510615
000000092031
000000239180
000000418305
000000269848
000000028229
000000121116
000000010489
000000200343
000000032523
000000469047
000000038204
000000497746
000000258006
000000199188
000000178022
000000255930
000000327304
000000434585
000000410972
000000415089
000000537909
000000309521
000000158702
000000503777
000000573724
000000406646
000000540370
000000087083
000000516346
000000238138
000000070365
000000419255
000000503114
000000137674
000000264532
000000364251
000000191363
000000457231
000000059084
000000476901
000000157266
000000226795
000000041575
000000434372
000000159105
000000110613
000000398225
000000208886
000000045396
000000179951
000000365352
000000533218
000000295166
000000348308
000000287782
000000108836
000000245682
000000032286
000000537135
000000406968
000000312433
000000504140
000000297187
000000327638
000000244615
000000475812
000000155263
000000137278
000000486300
000000199304
000000129772
000000529012
000000054666
000000067396
000000109825
000000525529
000000138094
000000284070
000000434966
000000391074
000000321902
000000004444
000000180280
000000195615
000000481748
000000317684
000000100722
000000365372
000000032603
000000499771
000000503806
000000209701
000000037662
000000557855
000000374396
000000528074
000000102168
000000558942
000000075257
000000523561
000000209356
000000271484
000000059738
000000142400
000000579632
000000061582
000000003131
000000124955
000000104426
000000333126
000000412356
000000418391
000000004931
000000438429
000000541255
000000178634
000000142946
000000122352
000000433853
000000353884
000000464456
000000465441
000000201814
000000392643
000000353581
000000376144
000000204514
000000096070
000000467939
000000407369
000000189547
000000190915
000000365880
000000469142
000000351146
000000517109
000000211484
000000581481
000000012249
000000265819
000000139541
000000491642
000000187125
000000505418
000000010421
000000069047
000000081105
000000259297
000000202829
000000005615
000000310459
000000120836
000000201419
000000352425
000000561613
000000116572
000000292152
000000510951
000000104594
000000016089
000000036764
000000009062
000000340706
000000226681
000000013452
000000400124
000000344667
000000519607
000000062562
000000358216
000000521887
000000040934
000000531812
000000296698
000000477485
000000382213
000000016292
000000157911
000000276004
000000162551
000000277693
000000055458
000000340476
000000329351
000000326408
000000162384
000000384740
000000371353
000000206048
000000477617
000000063485
000000474420
000000187537
000000254981
000000327921
000000471155
000000391063
000000218554
000000279443
000000296286
000000151405
000000089912
000000440641
000000325012
000000213652
000000042519
000000361798
000000376982
000000561545
000000430602
000000340498
000000024129
000000554161
000000278280
000000428414
000000049248
000000468055
000000229302
000000266666
000000355022
000000297552
000000197289
000000260929
000000159121
000000400536
000000224224
000000008332
000000406792
000000534140
000000180971
000000552595
000000464386
000000368647
000000496458
000000078760
000000078663
000000315654
000000340964
000000057859
000000452650
000000485261
000000483028
000000116352
000000415151
000000479647
000000406226
000000062386
000000080159
000000061698
000000268444
000000549413
000000106459
000000436105
000000012786
000000127899
000000158422
000000270623
000000145614
000000323115
000000105008
000000228673
000000376572
000000257190
000000379891
000000449841
000000434394
000000142558
000000048710
000000208821
000000578213
000000518179
000000407336
000000548218
000000186500
000000577312
000000443725
000000413602
000000415363
000000552650
000000105881
000000560683
000000210612
000000136286
000000277706
000000387772
000000426077
000000439881
000000379129
000000329384
000000152265
000000396311
000000516463
000000460915
000000535844
000000517552
000000082457
000000438926
000000458629
000000074982
000000530086
000000526793
000000347748
000000258495
000000539562
000000244857
000000360672
000000050773
000000219217
000000275529
000000566046
000000581351
000000135525
000000394175
000000393950
000000549873
000000503411
000000265843
000000379318
000000535661
000000112622
000000129474
000000520986
000000287886
000000337338
000000498091
000000361905
000000396112
000000104310
000000402271
000000143820
000000140761
000000103386
000000117140
000000460901
000000498622
000000469191
000000467961
000000318644
000000212401
000000144194
000000325647
000000073688
000000361620
000000484123
000000053232
000000116220
000000328065
000000102010
000000108155
000000158311
000000164642
000000544234
000000358253
000000561677
000000165927
000000196229
000000421714
000000176487
000000135226
000000484407
000000401838
000000241984
000000416778
000000058876
000000040902
000000379399
000000512304
000000034683
000000167698
000000524088
000000133990
000000233625
000000001902
000000108582
000000239398
000000457833
000000217766
000000082776
000000422656
000000498809
000000528507
000000041251
000000268068
000000457892
000000493272
000000278639
000000467206
000000535448
000000457146
000000001771
000000515423
000000341121
000000435787
000000252413
000000374326
000000127168
000000478016
000000075558
000000274480
000000211098
000000448286
000000411823
000000321235
000000042658
000000217240
000000567145
000000136158
000000164957
000000422145
000000518218
000000521560
000000487962
000000464903
000000211823
000000254290
000000541298
000000316142
000000189045
000000180908
000000347548
000000504955
000000231267
000000482989
000000561172
000000259760
000000175231
000000239853
000000027030
000000300882
000000061230
000000556746
000000454271
000000263714
000000182527
000000054401
000000238154
000000315378
000000373776
000000344936
000000493505
000000320376
000000144321
000000043579
000000027626
000000095247
000000177837
000000359507
000000120744
000000101895
000000432831
000000286692
000000560809
000000406061
000000352732
000000024802
000000411654
000000499532
000000027591
000000503316
000000140577
000000499636
000000030409
000000037091
000000515204
000000038733
000000413702
000000044215
000000125499
000000466396
000000496301
000000416440
000000005830
000000007150
000000214811
000000189903
000000022890
000000386834
000000330660
000000433716
000000407911
000000360517
000000250043
000000261196
000000316444
000000402806
000000265014
000000542816
000000075451
000000245760
000000365034
000000364210
000000386009
000000155172
000000470091
000000156459
000000223844
000000361406
000000185091
000000435688
000000099649
000000423761
000000577948
000000225070
000000576799
000000305805
000000485291
000000299715
000000080634
000000376946
000000468829
000000376454
000000523189
000000272282
000000509901
000000047328
000000200272
000000203103
000000487687
000000136962
000000226811
000000272747
000000388309
000000427203
000000335072
000000019753
000000550410
000000565201
000000274676
000000421447
000000510564
000000153187
000000128785
000000200495
000000479670
000000333323
000000253236
000000351770
000000152662
000000508227
000000039288
000000523370
000000200528
000000410908
000000428109
000000126513
000000525709
000000052484
000000305652
000000183286
000000097496
000000038920
000000446147
000000482671
000000580579
000000411624
000000104355
000000099388
000000347115
000000004827
000000436354
000000455865
000000219974
000000121241
000000168366
000000473372
000000350741
000000491494
000000223869
000000128409
000000523278
000000373782
000000108085
000000004260
000000104564
000000339816
000000443500
000000004809
000000300388
000000411750
000000162646
000000270384
000000416484
000000007778
000000280847
000000122493
000000052948
000000075132
000000508209
000000312662
000000051101
000000429991
000000531307
000000196558
000000284814
000000318006
000000218113
000000562620
000000290608
000000083325
000000131043
000000445325
000000574668
000000240198
000000103554
000000451058
000000099474
000000319398
000000215300
000000020261
000000142333
000000419474
000000099751
000000421677
000000351061
000000525462
000000097643
000000550761
000000098969
000000056652
000000404282
000000172492
000000493210
000000568286
000000208974
000000313345
000000195991
000000097099
000000033359
000000135845
000000161545
000000493507
000000332781
000000157815
000000557368
000000361381
000000224264
000000319626
000000283181
000000579206
000000480489
000000426912
000000082405
000000377011
000000333891
000000018748
000000458208
000000185819
000000106671
000000138810
000000320947
000000379316
000000549703
000000439911
000000231542
000000486869
000000562441
000000130222
000000212405
000000487589
000000513573
000000207980
000000403265
000000037790
000000286376
000000439199
000000245043
000000422382
000000077375
000000563873
000000043319
000000520843
000000436284
000000015927
000000108602
000000179180
000000554800
000000282834
000000281385
000000357925
000000099642
000000007934
000000260715
000000117094
000000395444
000000093666
000000530782
000000134072
000000284010
000000176758
000000136711
000000147733
000000371953
000000469844
000000127866
000000325143
000000541472
000000203178
000000106915
000000509339
000000049141
000000082041
000000342999
000000020857
000000327563
000000207738
000000233366
000000535699
000000547743
000000099295
000000462736
000000246382
000000002902
000000220823
000000355589
000000071137
000000538776
000000156455
000000392458
000000060269
000000051795
000000509084
000000525432
000000490289
000000126296
000000385765
000000023729
000000250909
000000485705
000000163180
000000464937
000000295776
000000570705
000000422954
000000425283
000000183990
000000542384
000000460353
000000500043
000000494980
000000451953
000000550414
000000063764
000000142470
000000353221
000000487114
000000365517
000000400792
000000114259
000000088116
000000467645
000000517340
000000220834
000000548704
000000368924
000000002624
000000566336
000000436407
000000373036
000000120369
000000307857
000000295941
000000012357
000000388853
000000155402
000000211085
000000260418
000000382503
000000401532
000000090192
000000136894
000000261503
000000236484
000000059996
000000568052
000000311997
000000412874
000000537382
000000124033
000000355193
000000362072
000000262180
000000517794
000000066503
000000453998
000000458921
000000491029
000000563726
000000512629
000000157288
000000205461
000000203881
000000543541
000000346190
000000118485
000000007251
000000063668
000000333075
000000266310
000000342478
000000491384
000000185436
000000553501
000000003518
000000230152
000000468029
000000365707
000000222987
000000521064
000000306722
000000086464
000000101702
000000500228
000000020765
000000555062
000000385864
000000249974
000000140118
000000334208
000000422705
000000222994
000000397075
000000082124
000000159682
000000021921
000000161947
000000016680
000000296322
000000340958
000000166622
000000433472
000000057138
000000019836
000000303508
000000078695
000000157249
000000291347
000000251524
000000492383
000000144554
000000497335
000000460043
000000189539
000000289170
000000270083
000000367131
000000579224
000000246328
000000039312
000000317474
000000400752
000000327738
000000283144
000000560047
000000546963
000000198508
000000565476
000000113654
000000112053
000000313710
000000154745
000000093031
000000538944
000000438004
000000061512
000000289187
000000264389
000000289100
000000442144
000000095737
000000400378
000000360948
000000293012
000000400612
000000351686
000000142047
000000286751
000000556715
000000540464
000000221194
000000232341
000000523267
000000061382
000000146841
000000010403
000000542146
000000412330
000000048428
000000056365
000000109036
000000230490
000000317134
000000101413
000000113009
000000147926
000000191731
000000048665
000000341985
000000026978
000000514527
000000037377
000000418372
000000031540
000000350842
000000045173
000000071221
000000103673
000000101330
000000329895
000000265713
000000203676
000000179462
000000148479
000000112577
000000223598
000000010303
000000569101
000000079172
000000562100
000000157860
000000137123
000000021447
000000207142
000000093708
000000574324
000000436195
000000080408
000000460422
000000066881
000000486139
000000098707
000000144495
000000258073
000000378278
000000074253
000000434039
000000023363
000000577405
000000257029
000000287094
000000263783
000000479198
000000508220
000000443320
000000401083
000000496920
000000302216
000000025411
000000524662
000000000670
000000047066
000000315521
000000252217
000000006753
000000462080
000000112327
000000558771
000000307734
000000118422
000000577809
000000425249
000000009185
000000525342
000000404869
000000036255
000000177010
000000256938
000000088870
000000490110
000000039640
000000510596
000000273288
000000311882
000000513424
000000415670
000000102811
000000318997
000000087018
000000149179
000000303281
000000480057
000000155860
000000170238
000000128175
000000250958
000000508412
000000010196
000000363554
000000053417
000000562648
000000564465
000000226552
000000308829
000000472405
000000048663
000000421182
000000279071
000000186586
000000211408
000000136599
000000303476
000000528941
000000319155
000000533011
000000071784
000000353055
000000310685
000000320344
000000556910
000000196064
000000504657
000000204436
000000136111
000000263574
000000518501
000000128466
000000024877
000000032665
000000046065
000000311326
000000128170
000000480841
000000071214
000000518901
000000473119
000000309720
000000065842
000000176521
000000144484
000000157238
000000129843
000000409108
000000468623
000000480136
000000076254
000000267531
000000408543
000000553388
000000128256
000000580735
000000114153
000000204241
000000134538
000000264697
000000082658
000000013893
000000070213
000000249556
000000151694
000000253233
000000178900
000000119267
000000424218
000000513430
000000053317
000000374180
000000140067
000000277914
000000457703
000000255194
000000510592
000000452353
000000216820
000000231393
000000556424
000000375066
000000460296
000000346839
000000571372
000000238858
000000286892
000000305832
000000265531
000000020882
000000543010
000000325548
000000338168
000000260293
000000449467
000000332614
000000023400
000000392330
000000483530
000000377973
000000448402
000000349425
000000211346
000000090985
000000396193
000000386426
000000087620
000000533431
000000217494
000000548958
000000255089
000000404750
000000136881
000000077058
000000035514
000000402170
000000175699
000000235532
000000415447
000000490578
000000244928
000000380635
000000414108
000000489400
000000030160
000000533897
000000158831
000000306621
000000366290
000000212514
000000203545
000000541816
000000551802
000000395337
000000556282
000000541893
000000391492
000000460730
000000027903
000000402057
000000453802
000000403644
000000038900
000000277613
000000356064
000000294854
000000231020
000000418480
000000329830
000000049591
000000278183
000000386648
000000373704
000000339210
000000074403
000000042868
000000026435
000000203406
000000218846
000000038257
000000562149
000000018785
000000057395
000000301754
000000188952
000000181275
000000187511
000000538155
000000339634
000000122584
000000249272
000000267217
000000110926
000000309983
000000344854
000000008228
000000475550
000000158686
000000439178
000000186699
000000354946
000000482069
000000578765
000000282675
000000101742
000000429865
000000425458
000000121525
000000007856
000000532638
000000044741
000000447439
000000088374
000000562989
000000168099
000000041284
000000517983
000000073019
000000058161
000000573830
000000368910
000000338988
000000527365
000000040730
000000516114
000000080819
000000033656
000000001510
000000241818
000000360231
000000492354
000000012998
000000394165
000000101571
000000294098
000000289007
000000059573
000000486609
000000406857
000000393730
000000093506
000000138450
000000224759
000000167092
000000010407
000000459770
000000067961
000000454961
000000205543
000000036739
000000044446
000000553071
000000378149
000000388235
000000236399
000000129908
000000220697
000000389213
000000373974
000000425400
000000378896
000000442542
000000549854
000000450558
000000369397
000000266833
000000455246
000000565365
000000025172
000000031568
000000195508
000000281900
000000453563
000000118862
000000125142
000000036187
000000408048
000000410655
000000470361
000000322443
000000473608
000000129582
000000339404
000000110540
000000502605
000000277665
000000294615
000000559651
000000453602
000000075821
000000326780
000000090225
000000512840
000000089196
000000026981
000000153780
000000204390
000000463305
000000064798
000000118022
000000466430
000000177361
000000192891
000000148394
000000400555
000000484282
000000536100
000000268586
000000328853
000000204352
000000564883
000000526588
000000149630
000000358343
000000489218
000000141986
000000284684
000000221446
000000358678
000000091966
000000441678
000000340653
000000221478
000000101522
000000529511
000000351989
000000373511
000000192631
000000314481
000000572015
000000242784
000000249141
000000130324
000000506146
000000557105
000000551609
000000144847
000000538861
000000058733
000000530958
000000261605
000000222029
000000506321
000000405523
000000253863
000000484007
000000446036
000000541706
000000392839
000000126653
000000044079
000000422502
000000286962
000000322749
000000212814
000000402668
000000002068
000000496089
000000088606
000000402775
000000248370
000000564050
000000534519
000000185151
000000496607
000000336174
000000069325
000000502730
000000456563
000000008789
000000217448
000000394666
000000025535
000000058075
000000189359
000000200374
000000377395
000000451647
000000575857
000000254549
000000360525
000000502534
000000363570
000000159332
000000220889
000000219791
000000156020
000000300264
000000196663
000000265074
000000547367
000000289660
000000566863
000000415119
000000239283
000000088914
000000564735
000000498770
000000104756
000000145155
000000379987
000000010900
000000178637
000000100627
000000313757
000000432877
000000329508
000000408390
000000298427
000000275663
000000137833
000000051716
000000501947
000000569436
000000463589
000000084873
000000175116
000000052490
000000447444
000000573975
000000056772
000000075227
000000021095
000000492055
000000010166
000000579447
000000267770
000000398850
000000547297
000000459515
000000541456
000000408182
000000344763
000000520256
000000488853
000000303959
000000427319
000000229976
000000416918
000000576214
000000087227
000000069302
000000235259
000000280651
000000065218
000000232543
000000087177
000000209374
000000347248
000000277788
000000178520
000000390785
000000324654
000000001781
000000340170
000000201291
000000102297
000000222276
000000089318
000000016544
000000473438
000000058172
000000337365
000000471905
000000081365
000000531873
000000556035
000000224929
000000208338
000000233337
000000532624
000000406957
000000254117
000000035107
000000342184
000000382017
000000331216
000000325441
000000103430
000000571656
000000443869
000000218447
000000005151
000000250490
000000151482
000000232123
000000409414
000000298353
000000067027
000000519407
000000108110
000000409884
000000355870
000000510059
000000106435
000000500585
000000527717
000000511549
000000187566
000000045267
000000185248
000000522817
000000579781
000000154912
000000383985
000000550912
000000178987
000000115777
000000374351
000000127316
000000479245
000000353146
000000250498
000000389441
000000572304
000000378001
000000183893
000000565220
000000151458
000000549535
000000171376
000000559966
000000452803
000000545930
000000401440
000000562338
000000015185
000000228884
000000272991
000000308806
000000165636
000000510883
000000278983
000000320582
000000566864
000000252178
000000082464
000000387202
000000405645
000000487279
000000002645
000000018773
000000052494
000000492292
000000540626
000000029794
000000147779
000000493859
000000276740
000000454649
000000491899
000000021246
000000252348
000000000321
000000350475
000000389586
000000051001
000000171444
000000516455
000000566899
000000557539
000000254938
000000148516
000000220082
000000044996
000000114330
000000531752
000000027534
000000337522
000000336406
000000494413
000000210635
000000570483
000000337890
000000182629
000000329182
000000083696
000000083619
000000520765
000000117578
000000246592
000000319295
000000308222
000000086584
000000476380
000000310752
000000488845
000000567914
000000146301
000000532766
000000175236
000000528097
000000162295
000000268599
000000187214
000000569384
000000466321
000000227616
000000337511
000000184816
000000305517
000000409454
000000144754
000000184908
000000317177
000000088173
000000223601
000000487018
000000008574
000000555896
000000569286
000000126120
000000192577
000000102149
000000536996
000000341029
000000258710
000000569052
000000231392
000000529408
000000124874
000000130006
000000089534
000000469445
000000176716
000000269862
000000338228
000000315053
000000525698
000000116444
000000410947
000000214927
000000322911
000000484446
000000299881
000000397269
000000330529
000000179896
000000379111
000000373536
000000283196
000000329724
000000267146
000000329675
000000297984
000000271283
000000001059
000000323790
000000244461
000000460723
000000571287
000000104509
000000296281
000000263710
000000017352
000000350690
000000446413
000000291285
000000195703
000000220948
000000427603
000000318381
000000231844
000000330451
000000241325
000000178096
000000231200
000000518867
000000124141
000000311452
000000134420
000000007669
000000406531
000000058880
000000183402
000000117009
000000002374
000000413021
000000144718
000000095674
000000046353
000000557283
000000159756
000000357509
000000268866
000000056486
000000523456
000000139958
000000302084
000000209144
000000015036
000000178524
000000541691
000000259027
000000537035
000000499862
000000082350
000000091195
000000527643
000000433792
000000288267
000000519626
000000095397
000000335935
000000569645
000000295803
000000512187
000000268826
000000488150
000000206530
000000385666
000000445887
000000364159
000000555494
000000425626
000000197836
000000013879
000000531378
000000411700
000000386683
000000221736
000000051178
000000455222
000000036166
000000382368
000000278242
000000533030
000000058338
000000426828
000000314755
000000511141
000000248402
000000144199
000000036406
000000117105
000000029023
000000228382
000000221711
000000089481
000000514544
000000191212
000000283631
000000555358
000000212440
000000232718
000000289507
000000016233
000000028171
000000443742
000000293283
000000198112
000000030769
000000309949
000000505895
000000345062
000000287006
000000070477
000000201394
000000140918
000000227512
000000173620
000000531490
000000049798
000000336449
000000305921
000000033995
000000143624
000000084607
000000147369
000000478597
000000507516
000000216197
000000108081
000000491477
000000160139
000000087078
000000074794
000000531252
000000031418
000000508354
000000553278
000000534191
000000122874
000000517690
000000503945
000000173833
000000133879
000000200718
000000496386
000000499680
000000143420
000000340138
000000406386
000000019959
000000113513
000000061502
000000363880
000000266820
000000554569
000000152015
000000500474
000000506766
000000126323
000000097734
000000267780
000000095097
000000086725
000000349104
000000573655
000000402665
000000113898
000000531337
000000208469
000000243127
000000204463
000000387717
000000100128
000000411853
000000256546
000000138790
000000190952
000000220399
000000149423
000000460830
000000156859
000000300534
000000297502
000000540347
000000024547
000000176160
000000121994
000000086267
000000117360
000000123421
000000162200
000000578659
000000513266
000000181699
000000119751
000000147914
000000437196
000000244846
000000411182
000000148884
000000161356
000000234699
000000329127
000000135554
000000580600
000000055735
000000298475
000000171086
000000254292
000000289758
000000238562
000000402235
000000387393
000000097339
000000320222
000000341209
000000467397
000000241803
000000524965
000000083959
000000441655
000000110111
000000482093
000000100435
000000093603
000000014759
000000241971
000000309850
000000253049
000000184470
000000149078
000000082083
000000160143
000000010444
000000460040
000000284383
000000364748
000000525459
000000012023
000000260056
000000548393
000000259910
000000405053
000000448876
000000549002
000000297175
000000393080
000000314801
000000285691
000000472690
000000433196
000000030010
000000076042
000000200311
000000207598
000000064697
000000059454
000000128989
000000579374
000000484758
000000228133
000000337555
000000119428
000000399981
000000328969
000000316407
000000443752
000000089829
000000581362
000000230091
000000049118
000000524935
000000368827
000000572474
000000480729
000000295473
000000096360
000000240782
000000230078
000000574025
000000218917
000000482037
000000108840
000000093487
000000563809
000000320804
000000512157
000000346391
000000061562
000000279997
000000324277
000000087792
000000557137
000000521674
000000021254
000000149546
000000443093
000000475236
000000263699
000000446422
000000539727
000000312536
000000305703
000000450321
000000185513
000000087504
000000249549
000000490247
000000196018
000000405742
000000418804
000000509482
000000190177
000000400149
000000548575
000000458349
000000121902
000000027793
000000125438
000000529929
000000185282
000000476321
000000104825
000000363525
000000137006
000000014025
000000464715
000000208133
000000360614
000000128522
000000428995
000000409166
000000208919
000000398388
000000281959
000000514034
000000122117
000000150254
000000250815
000000310749
000000419612
000000319401
000000538671
000000014017
000000536902
000000109752
000000164863
000000061201
000000210048
000000485080
000000476207
000000043210
000000045325
000000079613
000000042853
000000319645
000000203707
000000359479
000000066727
000000193403
000000000982
000000114230
000000511343
000000201358
000000495738
000000024433
000000434623
000000277393
000000044943
000000411658
000000516237
000000078009
000000531362
000000509176
000000522749
000000302576
000000190426
000000474155
000000558817
000000374887
000000181975
000000300993
000000033917
000000169309
000000157825
000000463432
000000195699
000000515062
000000006651
000000148584
000000529804
000000105113
000000101692
000000527243
000000044247
000000172276
000000317640
000000296169
000000335503
000000579917
000000269327
000000094272
000000236348
000000177306
000000469092
000000150948
000000495502
000000434183
000000184202
000000459716
000000287407
000000154212
000000172322
000000097210
000000389264
000000564951
000000142668
000000577176
000000565311
000000107886
000000515512
000000273436
000000179318
000000554426
000000022087
000000044083
000000416054
000000554542
000000237100
000000158179
000000306145
000000436830
000000104114
000000260285
000000365553
000000461871
000000155839
000000499418
000000263302
000000196985
000000248187
000000066988
000000550126
000000222600
000000407266
000000222083
000000070758
000000558248
000000401336
000000420237
000000418193
000000342441
000000350933
000000212063
000000385444
000000225393
000000354695
000000365446
000000206371
000000369516
000000233354
000000005453
000000495625
000000317995
000000155746
000000471846
000000301409
000000373109
000000511739
000000090526
000000384916
000000471573
000000027089
000000137110
000000461597
000000357891
000000260503
000000403394
000000502326
000000065737
000000166880
000000522952
000000372560
000000532525
000000332427
000000400311
000000128121
000000445301
000000526980
000000391914
000000147016
000000330136
000000534291
000000250607
000000090290
000000480333
000000262159
000000048867
000000523664
000000421544
000000408835
000000113956
000000039181
000000493408
000000315916
000000154614
000000574001
000000029956
000000504997
000000141600
000000079255
000000362038
000000457188
000000308423
000000230582
000000537037
000000357894
000000218503
000000021475
000000417039
000000055648
000000073680
000000097981
000000055788
000000119695
000000077020
000000423710
000000553772
000000198137
000000091553
000000119418
000000068075
000000539992
000000027340
000000502708
000000179620
000000188287
000000573119
000000426459
000000391521
000000560976
000000084879
000000059116
000000390895
000000518189
000000333485
000000326325
000000494351
000000422395
000000471085
000000579541
000000375544
000000352553
000000343574
000000356474
000000342550
000000191540
000000482296
000000496306
000000499324
000000157551
000000324443
000000480798
000000149422
000000396998
000000078828
000000475457
000000223560
000000071907
000000548053
000000017676
000000232902
000000226890
000000437391
000000581766
000000572316
000000258501
000000063573
000000381595
000000127078
000000193738
000000211230
000000046267
000000558342
000000537149
000000361685
000000479417
000000197091
000000065861
000000527391
000000455737
000000450346
000000213391
000000211265
000000196320
000000488532
000000041781
000000363194
000000577604
000000411855
000000237911
000000369792
000000257668
000000477265
000000543734
000000451809
000000088376
000000394817
000000547896
000000419963
000000557515
000000384568
000000148771
000000544347
000000329546
000000202463
000000380274
000000544691
000000475453
000000516985
000000453948
000000364385
000000565665
000000546079
000000433019
000000574194
000000133791
000000543182
000000436584
000000008830
000000051379
000000309382
000000219246
000000515341
000000052068
000000436918
000000469873
000000393050
000000341168
000000534581
000000047467
000000220735
000000281713
000000353902
000000061527
000000351139
000000524848
000000540030
000000044420
000000539132
000000236772
000000544746
000000574930
000000039027
000000429052
000000139482
000000519566
000000532509
000000224081
000000437530
000000173751
000000084603
000000315647
000000236936
000000219118
000000367448
000000300584
000000222080
000000087761
000000012461
000000282286
000000488295
000000358029
000000095148
000000123722
000000277473
000000479357
000000168524
000000029855
000000479394
000000325073
000000263784
000000212786
000000274356
000000296846
000000139492
000000115159
000000008195
000000322852
000000447552
000000455769
000000058349
000000565514
000000551746
000000290183
000000040572
000000280249
000000458339
000000454207
000000557306
000000488941
000000579437
000000061936
000000169988
000000480739
000000124718
000000276204
000000256721
000000161585
000000275491
000000472783
000000482499
000000268993
000000034459
000000063498
000000123643
000000550736
000000186828
000000544875
000000033955
000000366001
000000191570
000000110078
000000020031
000000176761
000000121575
000000518659
000000275591
000000446807
000000500677
000000280540
000000196497
000000233264
000000089232
000000291622
000000031912
000000355688
000000534521
000000107783
000000120615
000000123901
000000269934
000000078221
000000124027
000000395456
000000574147
000000139403
000000247744
000000070586
000000017316
000000546975
000000576757
000000388911
000000188350
000000158848
000000306560
000000075324
000000079080
000000054437
000000120819
000000223330
000000464602
000000080339
000000316766
000000531045
000000051176
000000137995
000000524916
000000214210
000000146131
000000110873
000000104952
000000493857
000000213364
000000252699
000000261144
000000467180
000000166403
000000569597
000000266898
000000374805
000000428120
000000160625
000000455165
000000246804
000000030446
000000458141
000000187368
000000477922
000000408029
000000009248
000000290361
000000500660
000000234474
000000072899
000000143984
000000272196
000000120197
000000565966
000000202784
000000549209
000000051949
000000551125
000000143070
000000196977
000000441095
000000372789
000000372635
000000043099
000000552919
000000339886
000000474279
000000190575
000000179811
000000416741
000000468241
000000253521
000000502637
000000441358
000000018751
000000271106
000000130270
000000378710
000000431168
000000567084
000000110169
000000474817
000000541193
000000380189
000000105152
000000052669
000000212690
000000093785
000000048460
000000082721
000000287927
000000216116
000000174722
000000136153
000000302503
000000071621
000000097569
000000207779
000000532778
000000309175
000000377745
000000179610
000000096328
000000321546
000000567813
000000042469
000000228907
000000233073
000000216322
000000253860
000000130795
000000524820
000000014006
000000401198
000000257263
000000254853
000000019581
000000421616
000000335098
000000042321
000000546451
000000497259
000000039789
000000580149
000000124889
000000065252
000000576343
000000348479
000000081612
000000546647
000000418213
000000086908
000000386560
000000486072
000000038771
000000184435
000000501959
000000112525
000000363592
000000228336
000000460988
000000065016
000000345804
000000330732
000000369596
000000571455
000000453260
000000418595
000000386530
000000077667
000000348625
000000428773
000000319725
000000465874
000000304642
000000530933
000000313979
000000425304
000000119292
000000466591
000000543171
000000100523
000000095891
000000167234
000000199224
000000105318
000000340024
000000337401
000000393705
000000329541
000000298395
000000446045
000000496869
000000515298
000000299811
000000516080
000000272492
000000367460
000000033918
000000021535
000000268905
000000211405
000000474108
000000306191
000000272675
000000306232
000000257544
000000496321
000000343630
000000442133
000000228984
000000393155
000000385687
000000290410
000000284020
000000412599
000000277466
000000247929
000000421734
000000100897
000000284047
000000452791
000000448177
000000200724
000000244406
000000126495
000000488060
000000227663
000000484948
000000337748
000000407214
000000174079
000000040071
000000400133
000000150374
000000374605
000000159880
000000394100
000000085212
000000290144
000000188252
000000145699
000000316073
000000512788
000000502364
000000488790
000000342976
000000272051
000000503318
000000241204
000000009211
000000571880
000000158880
000000079896
000000332757
000000473797
000000214057
000000084390
000000011758
000000248009
000000294418
000000131894
000000352417
000000036633
000000238114
000000304710
000000243066
000000193781
000000533784
000000213499
000000134111
000000154878
000000557342
000000472461
000000193363
000000228392
000000306718
000000434027
000000316677
000000168533
000000277697
000000107607
000000415314
000000215231
000000484364
000000366171
000000512948
000000188215
000000522101
000000470975
000000172910
000000435279
000000255181
000000482596
000000513241
000000261064
000000158028
000000041913
000000009452
000000153618
000000441169
000000416026
000000510680
000000204562
000000371138
000000462192
000000296867
000000093947
000000302634
000000540959
000000174196
000000324037
000000573963
000000329865
000000285448
000000145856
000000465285
000000534716
000000411455
000000202326
000000490665
000000002279
000000559021
000000238299
000000041688
000000512022
000000440334
000000484103
000000074901
000000327580
000000008081
000000054691
000000067420
000000049542
000000501307
000000080745
000000078827
000000304374
000000520341
000000040380
000000275035
000000305441
000000558153
000000076899
000000143980
000000360695
000000127648
000000319098
000000270379
000000450305
000000089892
000000529802
000000288169
000000192301
000000393297
000000052886
000000358312
000000284649
000000401785
000000572183
000000097890
000000345177
000000008691
000000251690
000000254522
000000103228
000000015759
000000534672
000000178131
000000548512
000000023679
000000354261
000000206475
000000390884
000000137212
000000120176
000000263515
000000538744
000000312789
000000476889
000000435488
000000167148
000000007028
000000161436
000000421763
000000554486
000000149381
000000358482
000000458682
000000531093
000000038134
000000576496
000000150827
000000573732
000000225473
000000075361
000000340103
000000274422
000000366389
000000434328
000000166092
000000509157
000000502441
000000269508
000000301628
000000171328
000000076187
000000469147
000000461217
000000223599
000000154167
000000152353
000000363783
000000079555
000000027270
000000411191
000000427610
000000242187
000000153997
000000013703
000000353412
000000132041
000000083716
000000285342
000000057334
000000498860
000000541182
000000564836
000000315057
000000370117
000000071429
000000209449
000000027216
000000350069
000000393379
000000093581
000000172622
000000354897
000000399680
000000143557
000000452756
000000365329
000000030803
000000301714
000000287585
000000185117
000000315278
000000447902
000000465200
000000083730
000000417638
000000206623
000000460568
000000246408
000000338964
000000501756
000000091979
000000108000
000000040699
000000415322
000000568495
000000099997
000000332724
000000447231
000000024577
000000046426
000000425063
000000177148
000000000438
000000576430
000000015049
000000259337
000000286910
000000018045
000000411969
000000296157
000000224100
000000110603
000000089725
000000063378
000000003270
000000269260
000000549117
000000444598
000000324165
000000281371
000000285817
000000372489
000000545308
000000474550
000000446870
000000217090
000000402820
000000434771
000000367319
000000493296
000000209590
000000199131
000000025230
000000050105
000000479390
000000264823
000000500212
000000263779
000000504382
000000497390
000000261387
000000565117
000000181103
000000362824
000000110442
000000364467
000000164286
000000028576
000000510517
000000427014
000000472058
000000538555
000000438808
000000498854
000000169249
000000348602
000000253196
000000159168
000000319612
000000137243
000000508809
000000219114
000000505493
000000352511
000000170529
000000431240
000000013320
000000283111
000000015388
000000109995
000000422828
000000080052
000000228426
000000521068
000000095085
000000453376
000000203188
000000399887
000000109553
000000578147
000000361755
000000135741
000000365729
000000324916
000000479261
000000049183
000000323369
000000213069
000000285897
000000087878
000000071055
000000376457
000000175135
000000235168
000000039371
000000477719
000000087737
000000108649
000000380292
000000348651
000000330914
000000223977
000000096958
000000236963
000000226966
000000353186
000000453154
000000237726
000000575908
000000421578
000000250234
000000083328
000000506903
000000143862
000000008884
000000025649
000000085098
000000132993
000000426477
000000366704
000000558555
000000444337
000000513704
000000223112
000000315043
000000167863
000000185070
000000174351
000000251988
000000473296
000000542817
000000295958
000000338989
000000354570
000000195725
000000477150
000000164496
000000019181
000000499142
000000578499
000000408167
000000447476
000000398771
000000237697
000000561495
000000457825
000000205875
000000154207
000000209005
000000279300
000000067246
000000350629
000000482802
000000426474
000000401183
000000117313
000000144196
000000357656
000000192390
000000510591
000000529238
000000187331
000000497777
000000541301
000000438369
000000196198
000000304973
000000392537
000000403882
000000462610
000000139633
000000524724
000000479481
000000134724
000000165451
000000254183
000000045653
000000440361
000000570295
000000231415
000000257416
000000481172
000000532926
000000366162
000000077025
000000365592
000000138164
000000285938
000000223687
000000280804
000000012059
000000465478
000000307980
000000097180
000000113216
000000281108
000000187872
000000320220
000000576317
000000408456
000000402378
000000228419
000000165231
000000416884
000000374890
000000028186
000000330357
000000081981
000000405852
000000345238
000000412709
000000262213
000000573232
000000022377
000000060297
000000222517
000000174015
000000132106
000000534203
000000365115
000000399001
000000468845
000000371991
000000404432
000000374133
000000507540
